0.0211647 0.0224193  0.000134006
0.0267011 0.0258212  0.000214492
0.0322096 0.0292224  0.000313649
0.0377274 0.0326238  0.000431569
0.0430549 0.0360262  0.000568042
0.0483577 0.0394274  0.000722456
0.0536691 0.0428285  0.000894916
0.0587953 0.0462296  0.00108522
0.0638972 0.0496284  0.00129272
0.0688887 0.0530264  0.00151745
0.0738609 0.0564217  0.00175894
0.0788394 0.0598151  0.00201728
0.0836434 0.0632075  0.00229235
0.0884241 0.0665972  0.00258351
0.0932126 0.0699855  0.00289093
0.0978305 0.0733733  0.0032145
0.102426 0.0767592  0.00355357
0.10703 0.0801443  0.00390833
0.111468 0.0835293  0.00427862
0.115884 0.0869125  0.0046638
0.120308 0.0902946  0.00506401
0.124572 0.0936761  0.0054791
0.128815 0.0970551  0.0059084
0.133065 0.100432  0.00635205
0.137159 0.103808  0.00680992
0.141233 0.107181  0.00728136
0.145314 0.110551  0.00776652
0.149245 0.11392  0.00826533
0.153156 0.117286  0.00877715
0.157073 0.12065  0.00930218
0.160845 0.124013  0.00984036
0.164597 0.127373  0.010391
0.168263 0.130732  0.0109545
0.171914 0.134089  0.0115301
0.175479 0.137445  0.012118
0.17903 0.140799  0.0127178
0.182586 0.14415  0.0133296
0.186008 0.147501  0.0139533
0.189412 0.150848  0.0145882
0.192822 0.154193  0.0152346
0.196101 0.157537  0.0158922
0.199363 0.160878  0.0165606
0.202631 0.164216  0.0172399
0.205771 0.167552  0.0179301
0.208895 0.170886  0.0186305
0.212025 0.174218  0.0193414
0.215031 0.177548  0.0200628
0.218022 0.180876  0.020794
0.221018 0.184201  0.0215352
0.223895 0.187526  0.0222865
0.226756 0.190848  0.0230471
0.229547 0.194168  0.0238174
0.232326 0.197486  0.0245968
0.235108 0.200802  0.0253854
0.237779 0.204116  0.0261832
0.240435 0.207427  0.0269897
0.243096 0.210736  0.027805
0.245647 0.214044  0.0286291
0.248185 0.217349  0.0294614
0.250727 0.220651  0.0303021
0.253164 0.223953  0.0311513
0.255552 0.227251  0.0320083
0.257941 0.230548  0.0328732
0.260329 0.233843  0.033746
0.262619 0.237137  0.0346268
0.264895 0.240428  0.0355149
0.267176 0.243717  0.0364106
0.269359 0.247005  0.0373138
0.27153 0.25029  0.0382241
0.273704 0.253574  0.0391415
0.275784 0.256856  0.040066
0.277852 0.260135  0.0409972
0.279923 0.263413  0.0419352
0.281903 0.266689  0.04288
0.283872 0.269963  0.0438311
0.285844 0.273235  0.0447887
0.287727 0.276506  0.0457528
0.289599 0.279774  0.0467229
0.291475 0.283041  0.0476991
0.293266 0.286307  0.0486816
0.295045 0.28957  0.0496697
0.296773 0.292832  0.0506637
0.298492 0.296092  0.0516633
0.300214 0.299351  0.0526685
0.301856 0.302608  0.0536793
0.303488 0.305863  0.0546954
0.305123 0.309117  0.0557167
0.306679 0.312369  0.0567434
0.308226 0.31562  0.0577751
0.309776 0.318868  0.0588117
0.31125 0.322116  0.0598535
0.312714 0.325362  0.0608999
0.314181 0.328606  0.0619511
0.315576 0.331849  0.0630071
0.316961 0.335091  0.0640675
0.318349 0.338331  0.0651324
0.319666 0.34157  0.0662019
0.320974 0.344807  0.0672755
0.322285 0.348043  0.0683533
0.323527 0.351278  0.0694355
0.324761 0.354512  0.0705215
0.325998 0.357744  0.0716115
0.327168 0.360975  0.0727056
0.32833 0.364204  0.0738033
0.329453 0.367433  0.0749049
0.330569 0.37066  0.0760099
0.331687 0.373886  0.0771186
0.332743 0.377111  0.078231
0.333791 0.380334  0.0793467
0.334842 0.383557  0.0804657
0.335833 0.386778  0.0815882
0.336815 0.389999  0.0827137
0.3378 0.393218  0.0838425
0.338727 0.396436  0.0849744
0.339647 0.399654  0.0861092
0.340568 0.40287  0.087247
0.341434 0.406085  0.0883878
0.342292 0.409299  0.0895313
0.343153 0.412513  0.0906776
0.343959 0.415725  0.0918266
0.344758 0.418937  0.0929782
0.345559 0.422147  0.0941323
0.346308 0.425357  0.0952891
0.34705 0.428566  0.0964481
0.347794 0.431774  0.0976096
0.348488 0.434982  0.0987735
0.349175 0.438188  0.0999395
0.349831 0.441394  0.101108
0.350483 0.444599  0.102278
0.351136 0.447804  0.10345
0.351742 0.451007  0.104625
0.352341 0.45421  0.105801
0.352943 0.457412  0.10698
0.353498 0.460614  0.10816
0.354032 0.463815  0.109342
0.354567 0.467016  0.110526
0.355101 0.470215  0.111711
0.355592 0.473415  0.112898
0.356077 0.476613  0.114087
0.356564 0.479811  0.115277
0.357008 0.483009  0.116469
0.357447 0.486206  0.117662
0.357888 0.489403  0.118856
0.358288 0.492599  0.120052
0.358682 0.495795  0.12125
0.359078 0.49899  0.122448
0.359434 0.502185  0.123648
0.359785 0.505379  0.124849
0.360138 0.508573  0.126051
0.360452 0.511767  0.127254
0.360761 0.51496  0.128458
0.361048 0.518153  0.129663
0.36133 0.521346  0.130869
0.361614 0.524538  0.132075
0.361862 0.52773  0.133283
0.362105 0.530922  0.134492
0.36235 0.534113  0.135701
0.36256 0.537304  0.136911
0.362765 0.540495  0.138122
0.362971 0.543686  0.139333
0.363144 0.546877  0.140545
0.363313 0.550067  0.141758
0.363483 0.553257  0.142971
0.363621 0.556447  0.144185
0.363754 0.559637  0.145399
0.363888 0.562827  0.146613
0.363991 0.566016  0.147828
0.364091 0.569206  0.149043
0.364191 0.572395  0.150259
0.364261 0.575585  0.151475
0.364327 0.578774  0.152691
0.364394 0.581963  0.153907
0.364432 0.585152  0.155123
0.364467 0.588341  0.15634
0.364502 0.59153  0.157557
0.364509 0.594719  0.158773
0.364513 0.597908  0.15999
0.364499 0.601098  0.161207
0.364483 0.604287  0.162424
0.364468 0.607476  0.163641
0.364426 0.610665  0.164857
0.364381 0.613854  0.166074
0.364337 0.617044  0.16729
0.364267 0.620233  0.168506
0.364194 0.623423  0.169722
0.364122 0.626613  0.170938
0.364025 0.629802  0.172154
0.363925 0.632992  0.173369
0.363826 0.636182  0.174584
0.363702 0.639373  0.175798
0.363576 0.642563  0.177012
0.363451 0.645753  0.178226
0.363302 0.648944  0.179439
0.363151 0.652135  0.180652
0.362986 0.655326  0.181865
0.362818 0.658518  0.183076
0.362651 0.661709  0.184288
0.362463 0.664901  0.185498
0.362271 0.668093  0.186709
0.362081 0.671285  0.187918
0.361869 0.674478  0.189127
0.361655 0.677671  0.190335
0.361441 0.680864  0.191543
0.361208 0.684057  0.19275
0.360971 0.687251  0.193956
0.360735 0.690445  0.195161
0.36048 0.693639  0.196366
0.360222 0.696834  0.19757
0.359965 0.700029  0.198772
0.359689 0.703224  0.199975
0.35941 0.706419  0.201176
0.359133 0.709615  0.202376
0.358836 0.712812  0.203576
0.358538 0.716008  0.204774
0.358228 0.719205  0.205972
0.357917 0.722403  0.207168
0.357606 0.725601  0.208364
0.357278 0.728799  0.209558
0.356948 0.731997  0.210752
0.356618 0.735196  0.211944
0.356272 0.738396  0.213136
0.355923 0.741596  0.214326
0.355576 0.744796  0.215515
0.355212 0.747997  0.216703
0.354846 0.751198  0.21789
0.35448 0.754399  0.219075
0.354099 0.757602  0.22026
0.353716 0.760804  0.221443
0.353333 0.764007  0.222625
0.352936 0.767211  0.223806
0.352536 0.770414  0.224986
0.352137 0.773619  0.226164
0.351723 0.776824  0.227341
0.351308 0.780029  0.228517
0.350893 0.783235  0.229691
0.350463 0.786441  0.230864
0.350032 0.789648  0.232035
0.349602 0.792856  0.233206
0.349158 0.796064  0.234374
0.348712 0.799272  0.235542
0.348258 0.802481  0.236708
0.347802 0.805691  0.237872
0.347347 0.808901  0.239035
0.346879 0.812111  0.240197
0.346409 0.815323  0.241357
0.34594 0.818534  0.242515
0.345458 0.821747  0.243673
0.344975 0.82496  0.244828
0.344492 0.828173  0.245982
0.343997 0.831387  0.247134
0.3435 0.834602  0.248285
0.343004 0.837817  0.249434
0.342496 0.841032  0.250582
0.341987 0.844249  0.251728
0.341478 0.847466  0.252872
0.340957 0.850683  0.254015
0.340435 0.853901  0.255156
0.339914 0.85712  0.256295
0.339381 0.860339  0.257433
0.338847 0.863559  0.258569
0.338307 0.86678  0.259703
0.337765 0.870001  0.260835
0.337223 0.873223  0.261966
0.336672 0.876445  0.263095
0.336118 0.879668  0.264222
0.335565 0.882892  0.265347
0.335002 0.886116  0.266471
0.334438 0.889341  0.267593
0.333874 0.892567  0.268713
0.3333 0.895793  0.269831
0.332725 0.89902  0.270947
0.33215 0.902248  0.272062
0.331565 0.905476  0.273174
0.330979 0.908705  0.274285
0.330394 0.911934  0.275394
0.329799 0.915164  0.2765
0.329203 0.918395  0.277605
0.328608 0.921627  0.278708
0.328003 0.924859  0.27981
0.327397 0.928092  0.280909
0.326786 0.931325  0.282006
0.326173 0.93456  0.283101
0.325561 0.937794  0.284194
0.32494 0.94103  0.285286
0.324319 0.944266  0.286375
0.323697 0.947503  0.287462
0.323067 0.950741  0.288547
0.322436 0.953979  0.28963
0.321805 0.957218  0.290711
0.321166 0.960458  0.29179
0.320526 0.963698  0.292867
0.319886 0.966939  0.293942
0.319238 0.970181  0.295015
0.31859 0.973423  0.296086
0.317941 0.976666  0.297155
0.317285 0.97991  0.298221
0.316627 0.983155  0.299285
0.31597 0.9864  0.300348
0.315305 0.989646  0.301408
0.314639 0.992893  0.302466
0.313974 0.99614  0.303522
0.313301 0.999388  0.304575
0.312627 1.00264  0.305627
0.311953 1.00589  0.306676
0.311272 1.00914  0.307723
0.31059 1.01239  0.308768
0.309904 1.01564  0.30981
0.309216 1.01889  0.310851
0.308529 1.02215  0.311889
0.307836 1.0254  0.312925
0.307141 1.02865  0.313959
0.306446 1.03191  0.31499
0.305745 1.03516  0.316019
0.305042 1.03842  0.317046
0.30434 1.04168  0.31807
0.303631 1.04494  0.319093
0.302921 1.0482  0.320113
0.302212 1.05146  0.32113
0.301496 1.05472  0.322146
0.300779 1.05798  0.323159
0.300062 1.06124  0.324169
0.299339 1.0645  0.325178
0.298615 1.06777  0.326183
0.297891 1.07103  0.327187
0.297161 1.07429  0.328188
0.296429 1.07756  0.329187
0.295699 1.08083  0.330184
0.294964 1.08409  0.331178
0.294228 1.08736  0.332169
0.293486 1.09063  0.333158
0.292744 1.0939  0.334145
0.292002 1.09717  0.33513
0.291253 1.10044  0.336112
0.290504 1.10371  0.337091
0.289755 1.10698  0.338068
0.289 1.11026  0.339043
0.288244 1.11353  0.340015
0.287485 1.1168  0.340984
0.286725 1.12008  0.341952
0.285961 1.12335  0.342916
0.285197 1.12663  0.343878
0.284433 1.12991  0.344838
0.283663 1.13319  0.345795
0.282893 1.13646  0.34675
0.282122 1.13974  0.347702
0.281346 1.14302  0.348652
0.280569 1.14631  0.349599
0.279793 1.14959  0.350543
0.279011 1.15287  0.351485
0.278227 1.15615  0.352424
0.277445 1.15944  0.353361
0.276656 1.16272  0.354295
0.275867 1.16601  0.355227
0.275078 1.16929  0.356156
0.274284 1.17258  0.357082
0.273488 1.17587  0.358006
0.272693 1.17916  0.358927
0.271893 1.18245  0.359846
0.271092 1.18574  0.360762
0.270291 1.18903  0.361675
0.269486 1.19232  0.362586
0.268681 1.19561  0.363494
0.267871 1.1989  0.364399
0.267059 1.2022  0.365302
0.266249 1.20549  0.366202
0.265432 1.20879  0.367099
0.264615 1.21208  0.367994
0.263795 1.21538  0.368886
0.262974 1.21867  0.369775
0.262153 1.22197  0.370662
0.261327 1.22527  0.371546
0.260501 1.22857  0.372427
0.259674 1.23187  0.373305
0.258843 1.23517  0.374181
0.25801 1.23847  0.375054
0.257175 1.24178  0.375924
0.256339 1.24508  0.376791
0.255503 1.24838  0.377656
0.254661 1.25169  0.378518
0.253819 1.25499  0.379377
0.252978 1.2583  0.380233
0.252131 1.26161  0.381086
0.251283 1.26491  0.381937
0.250436 1.26822  0.382785
0.249583 1.27153  0.38363
0.24873 1.27484  0.384472
0.247877 1.27815  0.385312
0.247019 1.28146  0.386149
0.24616 1.28477  0.386982
0.245301 1.28809  0.387813
0.244437 1.2914  0.388641
0.243573 1.29471  0.389467
0.242709 1.29803  0.390289
0.241839 1.30134  0.391108
0.240967 1.30466  0.391925
0.240095 1.30798  0.392739
0.239223 1.31129  0.39355
0.238346 1.31461  0.394357
0.237469 1.31793  0.395162
0.236591 1.32125  0.395965
0.235709 1.32457  0.396764
0.234825 1.32789  0.39756
0.233942 1.33121  0.398353
0.233054 1.33454  0.399144
0.232165 1.33786  0.399931
0.231276 1.34118  0.400716
0.230383 1.34451  0.401497
0.229488 1.34783  0.402276
0.22859 1.35116  0.403051
0.227692 1.35449  0.403824
0.226794 1.35781  0.404593
0.225891 1.36114  0.40536
0.224987 1.36447  0.406123
0.224083 1.3678  0.406884
0.223174 1.37113  0.407642
0.222264 1.37446  0.408396
0.221355 1.37779  0.409148
0.22044 1.38112  0.409896
0.219525 1.38446  0.410642
0.21861 1.38779  0.411384
0.21769 1.39112  0.412123
0.216769 1.39446  0.412859
0.215848 1.3978  0.413593
0.214922 1.40113  0.414323
0.213995 1.40447  0.41505
0.213069 1.40781  0.415774
0.212137 1.41114  0.416494
0.211204 1.41448  0.417212
0.210272 1.41782  0.417927
0.209334 1.42116  0.418638
0.208396 1.4245  0.419346
0.207458 1.42785  0.420052
0.206515 1.43119  0.420754
0.205571 1.43453  0.421453
0.204627 1.43788  0.422148
0.203677 1.44122  0.422841
0.202727 1.44456  0.42353
0.201774 1.44791  0.424217
0.20082 1.45126  0.4249
0.199867 1.4546  0.425579
0.198908 1.45795  0.426256
0.197948 1.4613  0.42693
0.196988 1.46465  0.4276
0.196024 1.468  0.428267
0.195058 1.47135  0.428931
0.194092 1.4747  0.429591
0.193121 1.47805  0.430248
0.19215 1.4814  0.430902
0.191178 1.48476  0.431553
0.190201 1.48811  0.432201
0.189224 1.49146  0.432845
0.188246 1.49482  0.433486
0.187263 1.49817  0.434124
0.186279 1.50153  0.434758
0.185296 1.50489  0.435389
0.184307 1.50824  0.436017
0.183317 1.5116  0.436641
0.182327 1.51496  0.437262
0.181332 1.51832  0.43788
0.180336 1.52168  0.438495
0.17934 1.52504  0.439106
0.178338 1.5284  0.439714
0.177336 1.53176  0.440318
0.17633 1.53512  0.440919
0.175324 1.53849  0.441517
0.174317 1.54185  0.442111
0.173305 1.54521  0.442702
0.172293 1.54858  0.443289
0.17128 1.55194  0.443873
0.170262 1.55531  0.444454
0.169243 1.55868  0.445031
0.168224 1.56204  0.445605
0.167199 1.56541  0.446175
0.166173 1.56878  0.446742
0.165148 1.57215  0.447305
0.164117 1.57552  0.447865
0.163085 1.57889  0.448422
0.162053 1.58226  0.448975
0.161015 1.58563  0.449524
0.159976 1.589  0.45007
0.158938 1.59237  0.450613
0.157893 1.59574  0.451152
0.156848 1.59912  0.451687
0.155803 1.60249  0.452219
0.154752 1.60587  0.452748
0.153699 1.60924  0.453272
0.152648 1.61262  0.453794
0.15159 1.61599  0.454312
0.150531 1.61937  0.454826
0.149472 1.62275  0.455336
0.148407 1.62612  0.455843
0.147342 1.6295  0.456347
0.146272 1.63288  0.456847
0.145202 1.63626  0.457343
0.144132 1.63964  0.457836
0.143055 1.64302  0.458324
0.141978 1.6464  0.45881
0.140901 1.64978  0.459292
0.139818 1.65317  0.45977
0.138734 1.65655  0.460244
0.13765 1.65993  0.460715
0.136559 1.66331  0.461182
0.135468 1.6667  0.461645
0.134376 1.67008  0.462105
0.133279 1.67347  0.462561
0.13218 1.67685  0.463013
0.131082 1.68024  0.463461
0.129976 1.68363  0.463906
0.12887 1.68701  0.464347
0.127765 1.6904  0.464784
0.126652 1.69379  0.465218
0.125539 1.69718  0.465648
0.124421 1.70057  0.466074
0.123303 1.70396  0.466496
0.12218 1.70735  0.466914
0.121057 1.71074  0.467329
0.119934 1.71413  0.46774
0.118804 1.71752  0.468147
0.117673 1.72091  0.46855
0.116538 1.7243  0.468949
0.115402 1.7277  0.469345
0.114266 1.73109  0.469736
0.113123 1.73448  0.470124
0.111979 1.73788  0.470508
0.110836 1.74127  0.470888
0.109685 1.74467  0.471264
0.108534 1.74806  0.471636
0.107382 1.75146  0.472004
0.106223 1.75485  0.472369
0.105064 1.75825  0.472729
0.1039 1.76165  0.473085
0.102735 1.76505  0.473438
0.101565 1.76844  0.473787
0.100395 1.77184  0.474131
0.0992195 1.77524  0.474472
0.0980437 1.77864  0.474808
0.0968682 1.78204  0.475141
0.0956851 1.78544  0.475469
0.094501 1.78884  0.475794
0.0933173 1.79224  0.476115
0.0921257 1.79564  0.476431
0.0909332 1.79904  0.476743
0.089741 1.80245  0.477052
0.0885409 1.80585  0.477356
0.0873398 1.80925  0.477656
0.0861391 1.81265  0.477953
0.0849303 1.81606  0.478245
0.0837205 1.81946  0.478533
0.0825111 1.82287  0.478816
0.0812935 1.82627  0.479096
0.0800749 1.82967  0.479372
0.0788567 1.83308  0.479643
0.0776302 1.83649  0.47991
0.0764027 1.83989  0.480173
0.0751755 1.8433  0.480432
0.07394 1.8467  0.480687
0.0727034 1.85011  0.480937
0.0714672 1.85352  0.481184
0.0702226 1.85693  0.481426
0.0689768 1.86033  0.481663
0.0677314 1.86374  0.481897
0.0664774 1.86715  0.482126
0.0652223 1.87056  0.482351
0.0639676 1.87397  0.482572
0.0627042 1.87738  0.482788
0.0614396 1.88079  0.483001
0.0601697 1.88419  0.483208
0.0588988 1.8876  0.483412
0.0576282 1.89102  0.483611
0.0563489 1.89443  0.483806
0.0550684 1.89784  0.483996
0.0537883 1.90125  0.484182
0.0524991 1.90466  0.484364
0.0512088 1.90807  0.484541
0.0499188 1.91148  0.484714
0.0486197 1.91489  0.484883
0.0473194 1.91831  0.485047
0.0460194 1.92172  0.485206
0.0447102 1.92513  0.485362
0.0433997 1.92854  0.485512
0.0420897 1.93196  0.485659
0.0407701 1.93537  0.4858
0.0394493 1.93878  0.485938
0.038129 1.9422  0.48607
0.0367991 1.94561  0.486198
0.0354678 1.94902  0.486322
0.034137 1.95244  0.486441
0.0327965 1.95585  0.486556
0.0314546 1.95927  0.486666
0.0301132 1.96268  0.486771
0.0287619 1.9661  0.486872
0.0274092 1.96951  0.486968
0.026057 1.97293  0.48706
0.0246948 1.97634  0.487147
0.0233312 1.97976  0.487229
0.0219613 1.98317  0.487307
0.0205904 1.98659  0.48738
0.0192198 1.99  0.487448
0.017839 1.99342  0.487511
0.0164569 1.99684  0.48757
0.0150752 2.00025  0.487624
0.0136831 2.00367  0.487674
0.0122895 2.00708  0.487718
0.0108964 2.0105  0.487758
0.0094926 2.01392  0.487793
0.00808739 2.01733  0.487824
0.00668263 2.02075  0.487849
0.00526705 2.02416  0.48787
0.00385 2.02758  0.487886
0.00243343 2.031  0.487897
0.00100585 2.03441  0.487903
-0.000423236 2.03783  0.487904
-0.00185183 2.04125  0.4879
-0.00329163 2.04466  0.487892
-0.00473293 2.04808  0.487879
-0.00617377 2.05149  0.48786
-0.00762598 2.05491  0.487837
-0.00907973 2.05833  0.487809
-0.010533 2.06174  0.487775
-0.0119978 2.06516  0.487737
-0.0134643 2.06858  0.487694
-0.0149302 2.07199  0.487646
-0.0164079 2.07541  0.487592
-0.0178871 2.07882  0.487534
-0.0193738 2.08224  0.487471
-0.0208617 2.08566  0.487402
-0.0223493 2.08907  0.487329
-0.0238488 2.09249  0.48725
-0.0253498 2.0959  0.487167
-0.0268504 2.09932  0.487078
-0.0283633 2.10273  0.486984
-0.0298779 2.10615  0.486884
-0.0313919 2.10956  0.48678
-0.0329186 2.11298  0.486671
-0.034447 2.11639  0.486556
-0.0359747 2.11981  0.486436
-0.0375154 2.12322  0.486311
-0.0390577 2.12664  0.48618
-0.0405995 2.13005  0.486044
-0.0421544 2.13346  0.485903
-0.043711 2.13688  0.485757
-0.045267 2.14029  0.485605
-0.0468364 2.1437  0.485448
-0.0484075 2.14712  0.485286
-0.049978 2.15053  0.485118
-0.0515621 2.15394  0.484945
-0.053148 2.15735  0.484767
-0.0547333 2.16077  0.484583
-0.0563325 2.16418  0.484393
-0.0579335 2.16759  0.484199
-0.0595339 2.171  0.483998
-0.0611484 2.17441  0.483793
-0.0627647 2.17782  0.483581
-0.0643899 2.18123  0.483365
-0.0660166 2.18464  0.483142
-0.0676427 2.18805  0.482915
-0.0692832 2.19146  0.482681
-0.0709256 2.19487  0.482442
-0.0725673 2.19827  0.482197
-0.0742239 2.20168  0.481947
-0.0758825 2.20509  0.481691
-0.0775404 2.2085  0.48143
-0.0792135 2.2119  0.481163
-0.0808886 2.21531  0.48089
-0.082563 2.21871  0.480611
-0.0842528 2.22212  0.480327
-0.0859448 2.22552  0.480037
-0.087636 2.22893  0.479741
-0.089343 2.23233  0.479439
-0.0910576 2.23574  0.479132
-0.0927722 2.23914  0.478818
-0.0944867 2.24254  0.478499
-0.0962169 2.24594  0.478174
-0.0979491 2.24934  0.477843
-0.0996807 2.25274  0.477507
-0.101429 2.25614  0.477164
-0.103179 2.25954  0.476815
-0.10494 2.26294  0.476461
-0.106702 2.26634  0.4761
-0.108464 2.26974  0.475734
-0.110243 2.27313  0.475361
-0.112024 2.27653  0.474982
-0.113804 2.27992  0.474598
-0.115601 2.28332  0.474207
-0.117401 2.28671  0.47381
-0.119212 2.29011  0.473407
-0.121025 2.2935  0.472998
-0.122837 2.29689  0.472583
-0.124667 2.30028  0.472161
-0.1265 2.30367  0.471734
-0.128331 2.30706  0.4713
-0.130182 2.31045  0.47086
-0.132034 2.31384  0.470413
-0.133898 2.31723  0.46996
-0.135765 2.32061  0.469501
-0.13763 2.324  0.469036
-0.139515 2.32738  0.468564
-0.141402 2.33077  0.468086
-0.143288 2.33415  0.467602
-0.145194 2.33753  0.467111
-0.147102 2.34091  0.466614
-0.14901 2.34429  0.46611
-0.150938 2.34767  0.4656
-0.152868 2.35105  0.465083
-0.154798 2.35443  0.46456
-0.156748 2.3578  0.46403
-0.158701 2.36118  0.463494
-0.160653 2.36455  0.462951
-0.162626 2.36793  0.462401
-0.164602 2.3713  0.461845
-0.166577 2.37467  0.461282
-0.168573 2.37804  0.460712
-0.170572 2.38141  0.460136
-0.172571 2.38477  0.459553
-0.174591 2.38814  0.458963
-0.176615 2.39151  0.458366
-0.178637 2.39487  0.457763
-0.180675 2.39823  0.457152
-0.182715 2.40159  0.456535
-0.184777 2.40495  0.455911
-0.186842 2.40831  0.45528
-0.188906 2.41167  0.454642
-0.190994 2.41503  0.453997
-0.193085 2.41838  0.453345
-0.195175 2.42174  0.452686
-0.197289 2.42509  0.45202
-0.199406 2.42844  0.451347
-0.201522 2.43179  0.450667
-0.203662 2.43514  0.44998
-0.205806 2.43848  0.449285
-0.207949 2.44183  0.448584
-0.210118 2.44517  0.447875
-0.212289 2.44851  0.447159
-0.21446 2.45186  0.446435
-0.216656 2.45519  0.445705
-0.218856 2.45853  0.444967
-0.221055 2.46187  0.444221
-0.22328 2.4652  0.443469
-0.225509 2.46853  0.442709
-0.227755 2.47187  0.441941
-0.230004 2.47519  0.441166
-0.232269 2.47852  0.440383
-0.234538 2.48185  0.439593
-0.236823 2.48517  0.438795
-0.239111 2.48849  0.43799
-0.241398 2.49181  0.437177
-0.243714 2.49513  0.436357
-0.246033 2.49845  0.435528
-0.248352 2.50176  0.434692
-0.2507 2.50508  0.433849
-0.253052 2.50839  0.432997
-0.255402 2.51169  0.432138
-0.257784 2.515  0.431271
-0.260169 2.51831  0.430396
-0.262574 2.52161  0.429513
-0.264983 2.52491  0.428622
-0.26739 2.52821  0.427723
-0.269829 2.5315  0.426817
-0.272271 2.5348  0.425902
-0.274713 2.53809  0.424979
-0.277187 2.54138  0.424048
-0.279666 2.54466  0.423109
-0.282144 2.54795  0.422162
-0.284656 2.55123  0.421206
-0.287172 2.55451  0.420242
-0.289687 2.55779  0.419271
-0.292237 2.56106  0.41829
-0.294791 2.56434  0.417302
-0.297344 2.56761  0.416305
-0.299934 2.57088  0.415299
-0.302528 2.57414  0.414285
-0.30512 2.5774  0.413263
-0.30775 2.58066  0.412232
-0.310385 2.58392  0.411193
-0.313018 2.58717  0.410145
-0.31569 2.59043  0.409088
-0.318367 2.59367  0.408023
-0.321068 2.59692  0.406949
-0.323774 2.60016  0.405866
-0.326478 2.6034  0.404774
-0.329221 2.60664  0.403674
-0.33197 2.60988  0.402564
-0.334745 2.61311  0.401446
-0.337524 2.61633  0.400319
-0.340301 2.61956  0.399183
-0.34312 2.62278  0.398037
-0.345945 2.626  0.396883
-0.348798 2.62922  0.395719
-0.351655 2.63243  0.394547
-0.35451 2.63564  0.393365
-0.35741 2.63884  0.392174
-0.360315 2.64204  0.390973
-0.363219 2.64524  0.389764
-0.36617 2.64844  0.388544
-0.369127 2.65163  0.387316
-0.372082 2.65482  0.386078
-0.375086 2.658  0.384831
-0.378096 2.66118  0.383573
-0.381104 2.66436  0.382307
-0.384163 2.66753  0.381031
-0.387229 2.6707  0.379745
-0.390293 2.67386  0.378449
-0.393409 2.67702  0.377143
-0.396531 2.68018  0.375828
-0.399652 2.68333  0.374503
-0.402827 2.68648  0.373168
-0.406009 2.68963  0.371823
-0.409189 2.69277  0.370467
-0.412425 2.6959  0.369102
-0.415669 2.69903  0.367727
-0.41891 2.70216  0.366341
-0.42221 2.70528  0.364945
-0.425517 2.7084  0.363539
-0.428822 2.71152  0.362123
-0.432188 2.71462  0.360696
-0.435562 2.71773  0.359259
-0.438974 2.72083  0.357811
-0.442394 2.72392  0.356352
-0.445811 2.72701  0.354883
-0.449291 2.73009  0.353404
-0.452779 2.73317  0.351913
-0.456265 2.73625  0.350412
-0.459819 2.73932  0.3489
-0.463381 2.74238  0.347377
-0.466941 2.74544  0.345843
-0.470572 2.74849  0.344298
-0.474212 2.75154  0.342742
-0.477849 2.75458  0.341175
-0.48156 2.75761  0.339597
-0.485281 2.76064  0.338008
-0.489026 2.76367  0.336407
-0.492776 2.76668  0.334795
-0.4966 2.76969  0.333171
-0.500434 2.7727  0.331536
-0.504319 2.7757  0.329889
-0.508212 2.77869  0.328231
-0.512102 2.78168  0.32656
-0.516074 2.78466  0.324878
-0.520056 2.78763  0.323185
-0.524035 2.7906  0.321479
-0.528103 2.79356  0.319762
-0.532183 2.79651  0.318032
-0.536259 2.79946  0.31629
-0.540429 2.80239  0.314537
-0.544611 2.80533  0.312771
-0.548789 2.80825  0.310992
-0.553066 2.81117  0.309201
-0.557355 2.81407  0.307398
-0.561641 2.81698  0.305582
-0.565995 2.81987  0.303754
-0.570359 2.82275  0.301913
-0.574828 2.82563  0.300059
-0.579314 2.8285  0.298193
-0.583794 2.83136  0.296313
-0.588386 2.83421  0.294421
-0.592992 2.83706  0.292515
-0.597594 2.83989  0.290597
-0.602314 2.84272  0.288665
-0.607049 2.84553  0.286719
-0.611779 2.84834  0.284761
-0.616634 2.85114  0.282788
-0.621505 2.85393  0.280803
-0.626371 2.85671  0.278803
-0.63137 2.85948  0.27679
-0.636385 2.86224  0.274763
-0.641489 2.86499  0.272722
-0.646606 2.86773  0.270667
-0.651808 2.87045  0.268598
-0.657024 2.87317  0.266514
-0.662236 2.87588  0.264417
-0.667449 2.87857  0.262305
-0.672661 2.88126  0.260179
-0.677874 2.88393  0.25804
-0.675416 2.88551  0.25677
-0.671855 2.88622  0.256202
-0.671578 2.88624  0.256187
-0.671639 2.88625  0.256178
-0.67162 2.88626  0.256169
-0.671626 2.88627  0.256161
-0.671625 2.88628  0.256153
-0.671625 2.88629  0.256145
-0.671625 2.8863  0.256138
-0.671625 2.88631  0.256131
-0.671625 2.88632  0.256124
-0.671625 2.88633  0.256116
-0.671626 2.88634  0.256108
-0.671626 2.88635  0.256099
-0.671626 2.88636  0.256091
-0.671627 2.88637  0.256081
-0.671627 2.88638  0.256072
-0.671627 2.8864  0.256062
-0.671628 2.88641  0.256052
-0.671628 2.88642  0.256043
-0.671628 2.88643  0.256034
-0.671628 2.88644  0.256025
-0.671628 2.88645  0.256017
-0.671628 2.88646  0.256009
-0.671628 2.88647  0.256001
-0.671628 2.88648  0.255994
-0.671628 2.88649  0.255986
-0.671628 2.8865  0.255978
-0.671628 2.88651  0.255969
-0.671628 2.88652  0.255961
-0.671629 2.88653  0.255952
-0.671629 2.88654  0.255942
-0.671629 2.88656  0.255933
-0.671629 2.88657  0.255924
-0.671629 2.88658  0.255915
-0.671629 2.88659  0.255906
-0.671629 2.8866  0.255898
-0.671629 2.88661  0.255889
-0.671629 2.88662  0.255881
-0.671629 2.88663  0.255873
-0.671629 2.88664  0.255864
-0.671629 2.88665  0.255856
-0.671629 2.88666  0.255848
-0.671629 2.88667  0.255839
-0.671629 2.88668  0.255831
-0.671629 2.88669  0.255822
-0.671629 2.88671  0.255813
-0.671629 2.88672  0.255804
-0.671629 2.88673  0.255795
-0.671629 2.88674  0.255787
-0.671629 2.88675  0.255778
-0.671629 2.88676  0.255769
-0.671629 2.88677  0.255761
-0.671629 2.88678  0.255752
-0.671629 2.88679  0.255744
-0.671628 2.8868  0.255735
-0.671628 2.88681  0.255727
-0.671628 2.88682  0.255719
-0.671628 2.88683  0.25571
-0.671628 2.88684  0.255702
-0.671628 2.88685  0.255693
-0.671628 2.88686  0.255684
-0.671628 2.88688  0.255675
-0.671628 2.88689  0.255667
-0.671628 2.8869  0.255658
-0.671628 2.88691  0.255649
-0.671628 2.88692  0.255641
-0.671627 2.88693  0.255632
-0.671627 2.88694  0.255623
-0.671627 2.88695  0.255615
-0.671627 2.88696  0.255606
-0.671627 2.88697  0.255598
-0.671627 2.88698  0.25559
-0.671627 2.88699  0.255581
-0.671627 2.887  0.255572
-0.671626 2.88701  0.255564
-0.671626 2.88702  0.255555
-0.671626 2.88704  0.255547
-0.671626 2.88705  0.255538
-0.671626 2.88706  0.255529
-0.671626 2.88707  0.255521
-0.671625 2.88708  0.255512
-0.671625 2.88709  0.255503
-0.671625 2.8871  0.255495
-0.671625 2.88711  0.255486
-0.671625 2.88712  0.255478
-0.671624 2.88713  0.255469
-0.671624 2.88714  0.255461
-0.671624 2.88715  0.255452
-0.671624 2.88716  0.255444
-0.671624 2.88717  0.255435
-0.671623 2.88718  0.255426
-0.671623 2.8872  0.255418
-0.671623 2.88721  0.255409
-0.671623 2.88722  0.255401
-0.671622 2.88723  0.255392
-0.671622 2.88724  0.255383
-0.671622 2.88725  0.255375
-0.671622 2.88726  0.255366
-0.671621 2.88727  0.255358
-0.671621 2.88728  0.255349
-0.671621 2.88729  0.255341
-0.671621 2.8873  0.255332
-0.67162 2.88731  0.255324
-0.67162 2.88732  0.255315
-0.67162 2.88733  0.255306
-0.67162 2.88734  0.255298
-0.671619 2.88736  0.255289
-0.671619 2.88737  0.255281
-0.671619 2.88738  0.255272
-0.671619 2.88739  0.255263
-0.671618 2.8874  0.255255
-0.671618 2.88741  0.255246
-0.671618 2.88742  0.255238
-0.671617 2.88743  0.255229
-0.671617 2.88744  0.255221
-0.671617 2.88745  0.255212
-0.671616 2.88746  0.255204
-0.671616 2.88747  0.255195
-0.671616 2.88748  0.255187
-0.671615 2.88749  0.255178
-0.671615 2.8875  0.255169
-0.671615 2.88752  0.255161
-0.671615 2.88753  0.255152
-0.671614 2.88754  0.255144
-0.671614 2.88755  0.255135
-0.671614 2.88756  0.255127
-0.671613 2.88757  0.255118
-0.671613 2.88758  0.255109
-0.671613 2.88759  0.255101
-0.671612 2.8876  0.255092
-0.671612 2.88761  0.255084
-0.671611 2.88762  0.255075
-0.671611 2.88763  0.255067
-0.671611 2.88764  0.255058
