0.00170174 0.00767437  -5.5375e-07
0.00170487 0.00768783  -5.32945e-07
0.00170797 0.00770133  -5.13924e-07
0.00171106 0.00771481  -4.95786e-07
0.00171419 0.00772828  -4.74339e-07
0.00171728 0.00774179  -4.56194e-07
0.00172037 0.00775528  -4.37996e-07
0.0017235 0.00776875  -4.16354e-07
0.00172659 0.00778227  -3.97966e-07
0.0017297 0.00779575  -3.7925e-07
0.00173283 0.00780924  -3.57374e-07
0.00173593 0.00782275  -3.38315e-07
0.00173901 0.00783623  -3.20233e-07
0.00174215 0.00784969  -2.98743e-07
0.00174525 0.00786319  -2.79264e-07
0.00174833 0.00787668  -2.61095e-07
0.00175146 0.00789014  -2.39496e-07
0.00175456 0.00790364  -2.19699e-07
0.00175765 0.00791713  -2.00781e-07
0.00176079 0.00793061  -1.78546e-07
0.00176388 0.00794412  -1.59623e-07
0.00176697 0.00795761  -1.40646e-07
0.00177013 0.00797108  -1.18382e-07
0.00177321 0.00798458  -9.8153e-08
0.0017763 0.00799808  -7.98204e-08
0.00177943 0.00801153  -5.92193e-08
0.00178253 0.00802502  -3.73044e-08
0.00178562 0.00803851  -1.83737e-08
0.00178876 0.00805197  3.91593e-09
0.00179186 0.00806547  2.41664e-08
0.00179495 0.00807897  4.3114e-08
0.00179808 0.00809243  6.5502e-08
0.00180118 0.00810594  8.60705e-08
0.00180428 0.00811943  1.05765e-07
0.00180742 0.00813291  1.28784e-07
0.00181052 0.00814642  1.4848e-07
0.00181361 0.00815992  1.68231e-07
0.00181674 0.00817339  1.89794e-07
0.00181986 0.00818688  2.12182e-07
0.00182294 0.00820038  2.31351e-07
0.00182607 0.00821383  2.52718e-07
0.00182918 0.00822733  2.75407e-07
0.00183227 0.00824082  2.95108e-07
0.00183541 0.00825428  3.18179e-07
0.00183852 0.00826779  3.39195e-07
0.0018416 0.00828129  3.58913e-07
0.00184474 0.00829475  3.82081e-07
0.00184784 0.00830827  4.03413e-07
0.00185096 0.00832177  4.24106e-07
0.00185406 0.00833523  4.45154e-07
0.00185719 0.00834871  4.68799e-07
0.00186027 0.0083622  4.88773e-07
0.00186341 0.00837566  5.10755e-07
0.00186652 0.00838915  5.3398e-07
0.00186961 0.00840265  5.53911e-07
0.00187274 0.00841611  5.76057e-07
0.00187585 0.00842961  5.99512e-07
0.00187894 0.00844311  6.19981e-07
0.00188209 0.00845657  6.43828e-07
0.0018852 0.00847008  6.65607e-07
0.00188828 0.00848359  6.86091e-07
0.00189142 0.00849705  7.10034e-07
0.00189457 0.00851056  7.33331e-07
0.00189763 0.00852407  7.53341e-07
0.00190076 0.00853752  7.75314e-07
0.00190388 0.008551  7.99776e-07
0.00190697 0.0085645  8.20498e-07
0.00191011 0.00857796  8.43254e-07
0.00191322 0.00859146  8.67238e-07
0.00191631 0.00860496  8.87932e-07
0.00191944 0.00861842  9.10844e-07
0.00192256 0.00863192  9.35059e-07
0.00192565 0.00864542  9.56287e-07
0.0019288 0.00865889  9.80904e-07
0.00193192 0.00867239  1.00412e-06
0.001935 0.00868589  1.02525e-06
0.00193814 0.00869934  1.0479e-06
0.00194126 0.00871283  1.07288e-06
0.00194435 0.00872633  1.094e-06
0.00194748 0.00873978  1.11678e-06
0.0019506 0.00875327  1.14199e-06
0.00195369 0.00876678  1.16348e-06
0.00195683 0.00878023  1.187e-06
0.00195995 0.00879374  1.21174e-06
0.00196304 0.00880725  1.23319e-06
0.00196618 0.00882071  1.25687e-06
0.00196929 0.00883421  1.28184e-06
0.00197243 0.00884772  1.30472e-06
0.00197551 0.00886119  1.32711e-06
0.00197865 0.00887466  1.35297e-06
0.00198174 0.00888816  1.37496e-06
0.00198488 0.00890161  1.39838e-06
0.00198801 0.0089151  1.42412e-06
0.00199109 0.00892861  1.44599e-06
0.00199422 0.00894207  1.46953e-06
0.00199735 0.00895556  1.4955e-06
0.00200044 0.00896907  1.51774e-06
0.00200359 0.00898253  1.54202e-06
0.00200671 0.00899603  1.56751e-06
0.0020098 0.00900955  1.58971e-06
0.00201294 0.009023  1.61443e-06
0.00201606 0.0090365  1.64057e-06
0.00201917 0.00905  1.66314e-06
0.00202228 0.00906346  1.68651e-06
0.00202542 0.00907694  1.71317e-06
0.00202851 0.00909044  1.7359e-06
0.00203165 0.0091039  1.76007e-06
0.00203478 0.00911739  1.78656e-06
0.00203787 0.0091309  1.80918e-06
0.002041 0.00914436  1.83348e-06
0.00204413 0.00915786  1.86019e-06
0.00204722 0.00917137  1.88318e-06
0.00205036 0.00918486  1.90785e-06
0.00205348 0.00919831  1.93468e-06
0.00205659 0.00921181  1.95832e-06
0.00205971 0.00922527  1.98233e-06
0.00206285 0.00923875  2.00953e-06
0.00206595 0.00925225  2.0329e-06
0.00206907 0.00926572  2.05701e-06
0.00207221 0.00927919  2.08443e-06
0.0020753 0.0092927  2.1079e-06
0.00207844 0.00930616  2.13282e-06
0.00208157 0.00931966  2.16006e-06
0.00208467 0.00933317  2.18343e-06
0.0020878 0.00934664  2.20847e-06
0.00209093 0.00936014  2.23594e-06
0.00209407 0.00937365  2.26091e-06
0.00209714 0.00938713  2.28489e-06
0.0021003 0.00940058  2.31257e-06
0.0021034 0.00941408  2.337e-06
0.00210652 0.00942755  2.36175e-06
0.00210967 0.00944103  2.38969e-06
0.00211277 0.00945453  2.41381e-06
0.00211588 0.009468  2.43866e-06
0.00211902 0.00948149  2.46682e-06
0.00212212 0.009495  2.49104e-06
0.00212526 0.00950846  2.5167e-06
0.0021284 0.00952196  2.54468e-06
0.00213151 0.00953546  2.56996e-06
0.00213461 0.00954893  2.59481e-06
0.00213777 0.00956239  2.62309e-06
0.00214087 0.00957589  2.64801e-06
0.00214398 0.00958937  2.67298e-06
0.00214712 0.00960283  2.70145e-06
0.00215053 0.0107723  5.19265e-06
0.0021537 0.0130968  1.01557e-05
0.0112529 0.0164527  2.8118e-05
0.0217295 0.0198537  8.31278e-05
0.0317227 0.0232412  0.000171798
0.0418738 0.0266322  0.000294915
0.0517176 0.0300229  0.000452025
0.0615425 0.0334115  0.000642304
0.071374 0.036799  0.000865899
0.0809428 0.0401862  0.00112254
0.0904763 0.0435701  0.00141127
0.100022 0.0469519  0.00173227
0.10931 0.0503321  0.00208529
0.118564 0.0537073  0.00246928
0.12783 0.0570785  0.00288444
0.136844 0.0604463  0.00333057
0.145824 0.0638078  0.00380659
0.154816 0.0671645  0.0043128
0.163563 0.0705173  0.00484904
0.172277 0.0738638  0.00541425
0.181002 0.0772057  0.00600877
0.189488 0.080544  0.00663247
0.197943 0.0838762  0.00728423
0.206409 0.0872038  0.00796438
0.214642 0.0905275  0.00867277
0.222844 0.0938447  0.00940821
0.231057 0.0971564  0.010171
0.239043 0.100463  0.010961
0.246999 0.103763  0.0117769
0.254965 0.107055  0.0126191
0.26271 0.110342  0.0134874
0.270354 0.113621  0.0143806
0.277997 0.116892  0.0152987
0.285641 0.120156  0.0162417
0.293075 0.123414  0.0172097
0.300481 0.126663  0.0182016
0.307896 0.129906  0.0192176
0.315103 0.133142  0.0202578
0.322283 0.13637  0.0213211
0.329472 0.139591  0.0224077
0.336459 0.142805  0.0235177
0.343419 0.146011  0.0246498
0.350387 0.14921  0.0258043
0.357159 0.152401  0.0269812
0.363904 0.155583  0.0281792
0.370658 0.158758  0.0293986
0.37722 0.161924  0.0306396
0.383756 0.165082  0.0319007
0.390301 0.168231  0.0331826
0.396658 0.171372  0.0344851
0.402991 0.174505  0.0358072
0.409332 0.177629  0.0371492
0.41549 0.180746  0.0385113
0.421625 0.183854  0.0398922
0.427768 0.186953  0.0412924
0.433733 0.190046  0.0427118
0.439675 0.193129  0.0441493
0.44551 0.196204  0.0456054
0.451327 0.19927  0.0470791
0.45715 0.202328  0.0485707
0.462804 0.205378  0.0500802
0.468437 0.208419  0.0516064
0.474076 0.211451  0.0531498
0.47955 0.214475  0.0547105
0.485002 0.217489  0.0562872
0.490355 0.220496  0.0578806
0.495692 0.223494  0.0594898
0.501033 0.226483  0.0611151
0.506218 0.229464  0.0627567
0.511383 0.232437  0.0644133
0.516553 0.235401  0.0660854
0.52157 0.238357  0.0677732
0.526568 0.241305  0.0694753
0.531472 0.244244  0.0711925
0.536361 0.247175  0.0729237
0.541255 0.250097  0.0746693
0.546003 0.253011  0.0764294
0.550732 0.255916  0.0782028
0.555467 0.258813  0.0799901
0.560059 0.261702  0.0817913
0.564633 0.264583  0.0836053
0.569212 0.267455  0.0854326
0.573652 0.270319  0.0872733
0.578074 0.273175  0.0891263
0.582502 0.276023  0.0909921
0.586794 0.278863  0.0928708
0.59107 0.281695  0.0947613
0.59535 0.284519  0.096664
0.599499 0.287335  0.0985791
0.603631 0.290143  0.100505
0.607768 0.292943  0.102443
0.611777 0.295736  0.104393
0.615769 0.29852  0.106354
0.619767 0.301296  0.108326
0.62364 0.304066  0.110309
0.627497 0.306827  0.112302
0.631359 0.30958  0.114306
0.6351 0.312326  0.116321
0.638786 0.315065  0.118346
0.642471 0.317796  0.120382
0.646156 0.32052  0.122427
0.649727 0.323237  0.124482
0.653283 0.325946  0.126547
0.656844 0.328647  0.128622
0.660291 0.331342  0.130706
0.663723 0.33403  0.1328
0.66716 0.33671  0.134903
0.670487 0.339383  0.137015
0.673799 0.34205  0.139135
0.677116 0.344709  0.141265
0.680326 0.347361  0.143404
0.683521 0.350007  0.14555
0.686652 0.352646  0.147706
0.689773 0.355277  0.149869
0.692829 0.357903  0.152041
0.695876 0.360522  0.154221
0.698926 0.363134  0.156409
0.701876 0.36574  0.158605
0.704813 0.368339  0.160808
0.707754 0.370932  0.16302
0.710598 0.373519  0.165239
0.713429 0.376099  0.167465
0.716264 0.378673  0.169698
0.719004 0.381241  0.171939
0.721732 0.383803  0.174187
0.724463 0.386358  0.176441
0.727103 0.388908  0.178703
0.729731 0.391451  0.180972
0.732362 0.393989  0.183247
0.734904 0.396521  0.185529
0.737434 0.399047  0.187817
0.739968 0.401567  0.190111
0.742415 0.404082  0.192412
0.744851 0.406591  0.19472
0.747235 0.409095  0.197033
0.74961 0.411593  0.199352
0.751987 0.414086  0.201677
0.754282 0.416573  0.204009
0.756567 0.419055  0.206345
0.758855 0.421531  0.208688
0.761062 0.424003  0.211036
0.763259 0.426469  0.21339
0.76546 0.42893  0.215749
0.767582 0.431386  0.218113
0.769694 0.433837  0.220483
0.771809 0.436283  0.222858
0.773849 0.438725  0.225238
0.775878 0.441161  0.227623
0.777911 0.443592  0.230013
0.77987 0.446019  0.232408
0.781819 0.448441  0.234808
0.783772 0.450859  0.237212
0.785653 0.453272  0.239621
0.787524 0.45568  0.242035
0.789353 0.458084  0.244453
0.791174 0.460484  0.246876
0.792998 0.462879  0.249303
0.794754 0.46527  0.251734
0.796501 0.467657  0.25417
0.798251 0.470039  0.256609
0.799935 0.472417  0.259053
0.801611 0.474791  0.261501
0.803289 0.477162  0.263953
0.804902 0.479528  0.266409
0.806508 0.48189  0.268869
0.808116 0.484248  0.271332
0.809662 0.486603  0.2738
0.8112 0.488953  0.276271
0.81274 0.4913  0.278745
0.81422 0.493643  0.281224
0.815692 0.495983  0.283705
0.817167 0.498318  0.28619
0.818583 0.500651  0.288679
0.819991 0.50298  0.291171
0.821402 0.505305  0.293666
0.822774 0.507627  0.296164
0.824142 0.509945  0.298666
0.825455 0.51226  0.301171
0.826761 0.514572  0.303679
0.828069 0.516881  0.306189
0.829323 0.519186  0.308704
0.83057 0.521488  0.31122
0.83182 0.523788  0.31374
0.833017 0.526084  0.316263
0.834207 0.528377  0.318788
0.835399 0.530667  0.321316
0.83654 0.532954  0.323847
0.837674 0.535239  0.32638
0.838811 0.53752  0.328916
0.839898 0.539799  0.331455
0.840979 0.542075  0.333996
0.842062 0.544348  0.33654
0.843097 0.546619  0.339086
0.844126 0.548887  0.341634
0.845157 0.551152  0.344185
0.846141 0.553415  0.346738
0.847119 0.555675  0.349293
0.8481 0.557933  0.351851
0.849049 0.560188  0.354411
0.849995 0.562441  0.356972
0.850899 0.564692  0.359537
0.851796 0.56694  0.362103
0.852695 0.569186  0.364671
0.853551 0.57143  0.367241
0.854402 0.573672  0.369813
0.855254 0.575911  0.372387
0.856065 0.578148  0.374963
0.856871 0.580384  0.37754
0.857678 0.582617  0.38012
0.858445 0.584848  0.382701
0.859207 0.587077  0.385284
0.85997 0.589305  0.387869
0.860695 0.59153  0.390456
0.861414 0.593753  0.393044
0.862135 0.595975  0.395633
0.862818 0.598195  0.398225
0.863497 0.600413  0.400817
0.864152 0.60263  0.403412
0.864804 0.604844  0.406008
0.865457 0.607057  0.408605
0.866075 0.609269  0.411204
0.866687 0.611479  0.413804
0.867302 0.613687  0.416405
0.867881 0.615894  0.419008
0.868456 0.618099  0.421612
0.869032 0.620303  0.424217
0.869575 0.622505  0.426824
0.870113 0.624706  0.429432
0.870653 0.626905  0.432041
0.87116 0.629103  0.434651
0.871663 0.6313  0.437262
0.872167 0.633496  0.439875
0.872639 0.63569  0.442488
0.873108 0.637883  0.445103
0.873577 0.640075  0.447718
0.874016 0.642266  0.450335
0.874451 0.644455  0.452953
0.874868 0.646644  0.455571
0.875281 0.648831  0.458191
0.875696 0.651018  0.460811
0.876081 0.653203  0.463433
0.876463 0.655387  0.466055
0.876846 0.65757  0.468678
0.877201 0.659753  0.471302
0.877552 0.661934  0.473926
0.877904 0.664115  0.476552
0.878229 0.666294  0.479178
0.878551 0.668473  0.481805
0.878873 0.670651  0.484432
0.879169 0.672828  0.487061
0.879462 0.675005  0.48969
0.879755 0.67718  0.492319
0.880023 0.679355  0.49495
0.880288 0.681529  0.49758
0.880554 0.683703  0.500212
0.880795 0.685876  0.502844
0.881032 0.688048  0.505476
0.881271 0.69022  0.508109
0.881486 0.692391  0.510743
0.881697 0.694561  0.513377
0.881894 0.696731  0.516012
0.882089 0.698901  0.518646
0.882284 0.70107  0.521282
0.882457 0.703238  0.523918
0.882627 0.705406  0.526554
0.882798 0.707574  0.52919
0.882946 0.709741  0.531827
0.883092 0.711908  0.534464
0.883239 0.714074  0.537102
0.883364 0.71624  0.53974
0.883487 0.718406  0.542378
0.88361 0.720572  0.545016
0.883712 0.722737  0.547655
0.883812 0.724902  0.550294
0.883913 0.727066  0.552933
0.883994 0.729231  0.555573
0.884072 0.731395  0.558212
0.884151 0.733559  0.560852
0.88421 0.735723  0.563492
0.884267 0.737887  0.566132
0.884312 0.74005  0.568772
0.884355 0.742214  0.571412
0.884399 0.744377  0.574053
0.884425 0.74654  0.576693
0.884448 0.748704  0.579334
0.88446 0.750867  0.581974
0.88447 0.75303  0.584615
0.884481 0.755193  0.587255
0.884474 0.757356  0.589896
0.884466 0.759519  0.592537
0.884458 0.761683  0.595177
0.884433 0.763846  0.597818
0.884405 0.766009  0.600459
0.884379 0.768173  0.603099
0.884336 0.770336  0.60574
0.884291 0.7725  0.60838
0.884246 0.774664  0.61102
0.884186 0.776827  0.61366
0.884123 0.778992  0.6163
0.884061 0.781156  0.61894
0.883984 0.78332  0.62158
0.883905 0.785485  0.62422
0.883826 0.78765  0.626859
0.883733 0.789815  0.629498
0.883637 0.79198  0.632137
0.883533 0.794146  0.634776
0.883427 0.796312  0.637415
0.883322 0.798478  0.640053
0.883202 0.800644  0.642692
0.883081 0.802811  0.64533
0.88296 0.804978  0.647967
0.882825 0.807146  0.650605
0.882689 0.809314  0.653242
0.882553 0.811482  0.655879
0.882404 0.813651  0.658515
0.882254 0.81582  0.661152
0.882104 0.817989  0.663787
0.88194 0.820159  0.666423
0.881776 0.822329  0.669058
0.881611 0.8245  0.671693
0.881435 0.826671  0.674328
0.881256 0.828842  0.676962
0.881078 0.831015  0.679596
0.880892 0.833187  0.682229
0.880705 0.83536  0.684862
0.880507 0.837534  0.687495
0.880306 0.839708  0.690127
0.880107 0.841883  0.692758
0.879896 0.844058  0.69539
0.879683 0.846234  0.698021
0.879471 0.84841  0.700651
0.879247 0.850587  0.703281
0.879023 0.852764  0.70591
0.878798 0.854942  0.708539
0.878563 0.857121  0.711168
0.878326 0.8593  0.713796
0.87809 0.86148  0.716423
0.877844 0.863661  0.71905
0.877596 0.865842  0.721676
0.877348 0.868024  0.724302
0.87709 0.870207  0.726927
0.876831 0.87239  0.729552
0.876573 0.874574  0.732176
0.876304 0.876758  0.7348
0.876034 0.878944  0.737423
0.875759 0.88113  0.740045
0.875482 0.883317  0.742667
0.875206 0.885504  0.745288
0.87492 0.887692  0.747909
0.874633 0.889881  0.750529
0.874347 0.892071  0.753148
0.874051 0.894262  0.755767
0.873754 0.896453  0.758385
0.873458 0.898645  0.761003
0.873152 0.900838  0.76362
0.872846 0.903032  0.766236
0.87254 0.905226  0.768851
0.872225 0.907421  0.771466
0.871909 0.909618  0.77408
0.871594 0.911815  0.776694
0.87127 0.914012  0.779306
0.870945 0.916211  0.781918
0.870621 0.918411  0.78453
0.870288 0.920611  0.78714
0.869955 0.922812  0.78975
0.869616 0.925014  0.792359
0.869277 0.927217  0.794968
0.868938 0.929421  0.797575
0.868591 0.931626  0.800182
0.868243 0.933832  0.802788
0.867896 0.936038  0.805394
0.867541 0.938246  0.807998
0.867185 0.940454  0.810602
0.866829 0.942664  0.813205
0.866466 0.944874  0.815807
0.866102 0.947085  0.818409
0.865739 0.949298  0.821009
0.865368 0.951511  0.823609
0.864996 0.953725  0.826208
0.864625 0.95594  0.828807
0.864247 0.958156  0.831404
0.863868 0.960373  0.834
0.863489 0.962591  0.836596
0.863103 0.96481  0.839191
0.862717 0.96703  0.841785
0.862326 0.969252  0.844378
0.861935 0.971474  0.84697
0.861544 0.973697  0.849562
0.861147 0.975921  0.852152
0.860748 0.978146  0.854742
0.86035 0.980372  0.857331
0.859946 0.9826  0.859919
0.859541 0.984828  0.862506
0.859136 0.987057  0.865092
0.858725 0.989288  0.867677
0.858314 0.991519  0.870261
0.857902 0.993752  0.872845
0.857485 0.995985  0.875427
0.857066 0.99822  0.878009
0.856648 1.00046  0.880589
0.856225 1.00269  0.883169
0.8558 1.00493  0.885748
0.855376 1.00717  0.888325
0.854946 1.00941  0.890902
0.854515 1.01165  0.893478
0.854081 1.01389  0.896053
0.853646 1.01614  0.898627
0.853212 1.01838  0.9012
0.852772 1.02063  0.903772
0.852331 1.02287  0.906343
0.85189 1.02512  0.908913
0.851445 1.02737  0.911482
0.850998 1.02962  0.91405
0.850552 1.03187  0.916617
0.8501 1.03413  0.919182
0.849648 1.03638  0.921747
0.849193 1.03863  0.924311
0.848737 1.04089  0.926874
0.848281 1.04315  0.929436
0.84782 1.04541  0.931997
0.847359 1.04767  0.934557
0.846898 1.04993  0.937116
0.846432 1.05219  0.939673
0.845965 1.05445  0.94223
0.845498 1.05672  0.944786
0.845027 1.05898  0.94734
0.844555 1.06125  0.949894
0.844083 1.06352  0.952446
0.843607 1.06579  0.954998
0.843129 1.06806  0.957548
0.842649 1.07033  0.960097
0.842169 1.0726  0.962645
0.841686 1.07488  0.965192
0.841202 1.07715  0.967738
0.840718 1.07943  0.970283
0.84023 1.08171  0.972827
0.839741 1.08398  0.975369
0.839252 1.08626  0.977911
0.838759 1.08855  0.980451
0.838266 1.09083  0.98299
0.837772 1.09311  0.985529
0.837275 1.0954  0.988065
0.836776 1.09769  0.990601
0.836278 1.09997  0.993136
0.835775 1.10226  0.99567
0.835272 1.10455  0.998202
0.83477 1.10684  1.00073
0.834262 1.10914  1.00326
0.833755 1.11143  1.00579
0.833247 1.11373  1.00832
0.832736 1.11602  1.01085
0.832223 1.11832  1.01337
0.831711 1.12062  1.0159
0.831195 1.12292  1.01842
0.830678 1.12522  1.02094
0.830162 1.12753  1.02346
0.829641 1.12983  1.02598
0.82912 1.13214  1.0285
0.828597 1.13445  1.03102
0.828073 1.13675  1.03353
0.827549 1.13906  1.03605
0.827021 1.14138  1.03856
0.826493 1.14369  1.04107
0.825964 1.146  1.04359
0.825432 1.14832  1.04609
0.8249 1.15063  1.0486
0.824367 1.15295  1.05111
0.823831 1.15527  1.05362
0.823294 1.15759  1.05612
0.822758 1.15991  1.05863
0.822217 1.16224  1.06113
0.821676 1.16456  1.06363
0.821136 1.16689  1.06613
0.820591 1.16921  1.06863
0.820046 1.17154  1.07113
0.819501 1.17387  1.07362
0.818952 1.1762  1.07612
0.818403 1.17854  1.07861
0.817854 1.18087  1.0811
0.817301 1.18321  1.08359
0.816748 1.18554  1.08608
0.816195 1.18788  1.08857
0.815638 1.19022  1.09106
0.815081 1.19256  1.09354
0.814524 1.19491  1.09603
0.813963 1.19725  1.09851
0.813402 1.1996  1.10099
0.812839 1.20194  1.10347
0.812275 1.20429  1.10595
0.811711 1.20664  1.10843
0.811144 1.20899  1.11091
0.810576 1.21134  1.11338
0.810009 1.2137  1.11586
0.809438 1.21605  1.11833
0.808866 1.21841  1.1208
0.808295 1.22077  1.12327
0.80772 1.22313  1.12574
0.807144 1.22549  1.12821
0.806569 1.22785  1.13067
0.80599 1.23021  1.13314
0.80541 1.23258  1.1356
0.804831 1.23494  1.13806
0.804248 1.23731  1.14052
0.803665 1.23968  1.14298
0.803082 1.24205  1.14544
0.802495 1.24442  1.1479
0.801908 1.2468  1.15035
0.801321 1.24917  1.1528
0.800731 1.25155  1.15526
0.80014 1.25393  1.15771
0.799549 1.25631  1.16016
0.798955 1.25869  1.1626
0.79836 1.26107  1.16505
0.797766 1.26345  1.1675
0.797169 1.26584  1.16994
0.796572 1.26822  1.17238
0.795971 1.27061  1.17482
0.79537 1.273  1.17726
0.794769 1.27539  1.1797
0.794165 1.27779  1.18214
0.79356 1.28018  1.18457
0.792955 1.28258  1.187
0.792347 1.28497  1.18944
0.791738 1.28737  1.19187
0.79113 1.28977  1.1943
0.790518 1.29217  1.19672
0.789905 1.29458  1.19915
0.789293 1.29698  1.20157
0.788677 1.29939  1.204
0.788061 1.30179  1.20642
0.787445 1.3042  1.20884
0.786825 1.30661  1.21126
0.786205 1.30902  1.21368
0.785585 1.31144  1.21609
0.784962 1.31385  1.21851
0.784338 1.31627  1.22092
0.783714 1.31869  1.22333
0.783087 1.32111  1.22574
0.78246 1.32353  1.22815
0.781832 1.32595  1.23056
0.781201 1.32837  1.23296
0.78057 1.3308  1.23537
0.779938 1.33323  1.23777
0.779305 1.33566  1.24017
0.778671 1.33809  1.24257
0.778033 1.34052  1.24497
0.777395 1.34295  1.24736
0.776758 1.34538  1.24976
0.776116 1.34782  1.25215
0.775475 1.35026  1.25454
0.774833 1.3527  1.25693
0.774188 1.35514  1.25932
0.773542 1.35758  1.26171
0.772897 1.36003  1.26409
0.772248 1.36247  1.26647
0.771599 1.36492  1.26886
0.770949 1.36737  1.27124
0.770296 1.36982  1.27361
0.769643 1.37227  1.27599
0.76899 1.37472  1.27837
0.768333 1.37718  1.28074
0.767676 1.37963  1.28311
0.767019 1.38209  1.28548
0.766358 1.38455  1.28785
0.765697 1.38701  1.29022
0.765035 1.38947  1.29259
0.764371 1.39194  1.29495
0.763706 1.3944  1.29731
0.763041 1.39687  1.29968
0.762372 1.39934  1.30203
0.761703 1.40181  1.30439
0.761031 1.40428  1.30675
0.760359 1.40675  1.3091
0.759688 1.40923  1.31146
0.759012 1.41171  1.31381
0.758337 1.41418  1.31616
0.757661 1.41666  1.3185
0.756981 1.41915  1.32085
0.756302 1.42163  1.32319
0.755622 1.42411  1.32554
0.754938 1.4266  1.32788
0.754254 1.42909  1.33022
0.753571 1.43158  1.33255
0.752883 1.43407  1.33489
0.752195 1.43656  1.33722
0.751507 1.43906  1.33956
0.750815 1.44155  1.34189
0.750123 1.44405  1.34422
0.749431 1.44655  1.34654
0.748735 1.44905  1.34887
0.748038 1.45155  1.35119
0.747342 1.45406  1.35352
0.746642 1.45656  1.35584
0.745941 1.45907  1.35815
0.745241 1.46158  1.36047
0.744536 1.46409  1.36279
0.743832 1.4666  1.3651
0.743127 1.46911  1.36741
0.742418 1.47163  1.36972
0.741709 1.47415  1.37203
0.741 1.47667  1.37433
0.740287 1.47919  1.37664
0.739573 1.48171  1.37894
0.738857 1.48423  1.38124
0.738141 1.48676  1.38354
0.737425 1.48928  1.38584
0.736704 1.49181  1.38813
0.735984 1.49434  1.39043
0.735263 1.49687  1.39272
0.734538 1.49941  1.39501
0.733813 1.50194  1.3973
0.733088 1.50448  1.39958
0.732359 1.50702  1.40187
0.731629 1.50956  1.40415
0.730899 1.5121  1.40643
0.730166 1.51464  1.40871
0.729431 1.51719  1.41099
0.728697 1.51974  1.41326
0.727959 1.52229  1.41554
0.72722 1.52484  1.41781
0.726481 1.52739  1.42008
0.725739 1.52994  1.42234
0.724995 1.5325  1.42461
0.724252 1.53505  1.42687
0.723504 1.53761  1.42913
0.722756 1.54017  1.43139
0.722008 1.54273  1.43365
0.721256 1.5453  1.43591
0.720503 1.54786  1.43816
0.71975 1.55043  1.44042
0.718993 1.553  1.44267
0.718236 1.55557  1.44491
0.717475 1.55814  1.44716
0.716714 1.56072  1.4494
0.715954 1.56329  1.45165
0.715188 1.56587  1.45389
0.714423 1.56845  1.45613
0.713657 1.57103  1.45836
0.712887 1.57361  1.4606
0.712117 1.5762  1.46283
0.711346 1.57878  1.46506
0.710571 1.58137  1.46729
0.709796 1.58396  1.46952
0.70902 1.58655  1.47174
0.70824 1.58914  1.47396
0.70746 1.59174  1.47618
0.706679 1.59434  1.4784
0.705894 1.59693  1.48062
0.705108 1.59953  1.48283
0.704323 1.60213  1.48505
0.703532 1.60474  1.48726
0.702742 1.60734  1.48947
0.701951 1.60995  1.49167
0.701155 1.61256  1.49388
0.700359 1.61517  1.49608
0.699563 1.61778  1.49828
0.698763 1.6204  1.50048
0.697961 1.62301  1.50267
0.69716 1.62563  1.50487
0.696355 1.62825  1.50706
0.69555 1.63087  1.50925
0.694741 1.63349  1.51143
0.69393 1.63612  1.51362
0.69312 1.63874  1.5158
0.692305 1.64137  1.51798
0.691489 1.644  1.52016
0.690673 1.64663  1.52234
0.689852 1.64926  1.52452
0.689031 1.6519  1.52669
0.68821 1.65454  1.52886
0.687384 1.65718  1.53103
0.686556 1.65982  1.53319
0.68573 1.66246  1.53536
0.684898 1.6651  1.53752
0.684065 1.66775  1.53968
0.683232 1.6704  1.54183
0.682395 1.67305  1.54399
0.681556 1.6757  1.54614
0.680718 1.67835  1.54829
0.679874 1.68101  1.55044
0.67903 1.68366  1.55259
0.678186 1.68632  1.55473
0.677336 1.68898  1.55687
0.676486 1.69164  1.55901
0.675636 1.69431  1.56115
0.674781 1.69697  1.56328
0.673925 1.69964  1.56542
0.673065 1.70231  1.56755
0.672205 1.70498  1.56968
0.671345 1.70765  1.5718
0.670479 1.71033  1.57392
0.669613 1.71301  1.57605
0.668747 1.71569  1.57816
0.667875 1.71837  1.58028
0.667002 1.72105  1.58239
0.66613 1.72373  1.58451
0.665252 1.72642  1.58662
0.664373 1.72911  1.58872
0.663495 1.7318  1.59083
0.66261 1.73449  1.59293
0.661725 1.73718  1.59503
0.66084 1.73988  1.59713
0.659949 1.74257  1.59922
0.659057 1.74527  1.60132
0.658166 1.74797  1.60341
0.657268 1.75068  1.60549
0.65637 1.75338  1.60758
0.655472 1.75609  1.60966
0.654568 1.7588  1.61174
0.653663 1.76151  1.61382
0.652758 1.76422  1.6159
0.651847 1.76693  1.61797
0.650935 1.76965  1.62004
0.650024 1.77237  1.62211
0.649106 1.77509  1.62418
0.648187 1.77781  1.62624
0.647269 1.78053  1.6283
0.646344 1.78326  1.63036
0.645418 1.78599  1.63241
0.644489 1.78872  1.63447
0.643558 1.79145  1.63652
0.642624 1.79418  1.63857
0.641689 1.79692  1.64061
0.640754 1.79965  1.64266
0.639813 1.80239  1.6447
0.638871 1.80513  1.64673
0.637929 1.80787  1.64877
0.636982 1.81062  1.6508
0.636035 1.81337  1.65283
0.635082 1.81611  1.65486
0.634127 1.81887  1.65689
0.633173 1.82162  1.65891
0.632212 1.82437  1.66093
0.63125 1.82713  1.66294
0.630288 1.82989  1.66496
0.629319 1.83265  1.66697
0.628349 1.83541  1.66898
0.62738 1.83817  1.67099
0.626403 1.84094  1.67299
0.625425 1.84371  1.67499
0.624446 1.84648  1.67699
0.623466 1.84925  1.67899
0.622478 1.85202  1.68098
0.62149 1.8548  1.68297
0.620502 1.85758  1.68496
0.619507 1.86036  1.68694
0.618511 1.86314  1.68892
0.617515 1.86592  1.6909
0.616512 1.86871  1.69288
0.615507 1.8715  1.69485
0.614503 1.87429  1.69682
0.613491 1.87708  1.69879
0.612479 1.87987  1.70076
0.611466 1.88267  1.70272
0.610446 1.88546  1.70468
0.609425 1.88826  1.70663
0.608404 1.89107  1.70859
0.607375 1.89387  1.71054
0.606345 1.89668  1.71249
0.60531 1.89948  1.71443
0.604275 1.90229  1.71637
0.603239 1.9051  1.71831
0.602196 1.90792  1.72025
0.601152 1.91073  1.72218
0.600107 1.91355  1.72411
0.599055 1.91637  1.72604
0.598002 1.91919  1.72797
0.596948 1.92202  1.72989
0.595887 1.92484  1.73181
0.594824 1.92767  1.73372
0.593762 1.9305  1.73563
0.592691 1.93333  1.73754
0.591619 1.93617  1.73945
0.590547 1.939  1.74135
0.589467 1.94184  1.74326
0.588385 1.94468  1.74515
0.587304 1.94752  1.74705
0.586214 1.95037  1.74894
0.585123 1.95322  1.75083
0.584032 1.95606  1.75271
0.582932 1.95892  1.75459
0.581831 1.96177  1.75647
0.580725 1.96462  1.75835
0.579617 1.96748  1.76022
0.57851 1.97034  1.76209
0.577393 1.9732  1.76396
0.576275 1.97606  1.76582
0.575158 1.97893  1.76768
0.574031 1.98179  1.76954
0.572903 1.98466  1.77139
0.571775 1.98754  1.77324
0.570638 1.99041  1.77509
0.569499 1.99328  1.77693
0.568361 1.99616  1.77877
0.567213 1.99904  1.78061
0.566064 2.00192  1.78244
0.564915 2.00481  1.78427
0.563756 2.00769  1.7861
0.562595 2.01058  1.78792
0.561435 2.01347  1.78974
0.560265 2.01637  1.79156
0.559094 2.01926  1.79337
0.557916 2.02216  1.79518
0.556737 2.02506  1.79699
0.555558 2.02796  1.7988
0.554369 2.03086  1.8006
0.553179 2.03377  1.80239
0.551989 2.03667  1.80418
0.550788 2.03958  1.80597
0.549586 2.0425  1.80776
0.548384 2.04541  1.80954
0.547172 2.04833  1.81132
0.545957 2.05124  1.8131
0.544744 2.05416  1.81487
0.543519 2.05709  1.81664
0.542293 2.06001  1.8184
0.541067 2.06294  1.82017
0.539829 2.06587  1.82192
0.538591 2.0688  1.82368
0.537352 2.07173  1.82543
0.536102 2.07467  1.82717
0.534851 2.07761  1.82892
0.5336 2.08055  1.83066
0.532337 2.08349  1.83239
0.531072 2.08643  1.83413
0.5298 2.08938  1.83585
0.528527 2.09233  1.83758
0.527254 2.09528  1.8393
0.525969 2.09823  1.84102
0.524683 2.10119  1.84273
0.523396 2.10415  1.84444
0.522098 2.10711  1.84615
0.520798 2.11007  1.84785
0.519498 2.11303  1.84955
0.518185 2.116  1.85124
0.516871 2.11897  1.85293
0.515557 2.12194  1.85462
0.51423 2.12491  1.8563
0.512901 2.12789  1.85798
0.511573 2.13087  1.85965
0.510232 2.13385  1.86132
0.508888 2.13683  1.86299
0.507546 2.13981  1.86465
0.506189 2.1428  1.86631
0.504831 2.14579  1.86796
0.503464 2.14878  1.86962
0.502095 2.15177  1.87126
0.500727 2.15477  1.8729
0.499346 2.15777  1.87454
0.497962 2.16077  1.87618
0.496579 2.16377  1.87781
0.495181 2.16677  1.87943
0.493781 2.16978  1.88105
0.492382 2.17279  1.88267
0.490968 2.1758  1.88428
0.489552 2.17882  1.88589
0.488137 2.18183  1.8875
0.486706 2.18485  1.8891
0.485274 2.18787  1.89069
0.483842 2.1909  1.89228
0.482394 2.19392  1.89387
0.480944 2.19695  1.89546
0.479495 2.19998  1.89703
0.47803 2.20301  1.89861
0.476563 2.20605  1.90018
0.475097 2.20908  1.90174
0.473614 2.21212  1.9033
0.472129 2.21516  1.90486
0.470634 2.21821  1.90641
0.469136 2.22125  1.90796
0.46764 2.2243  1.9095
0.466127 2.22735  1.91104
0.464611 2.23041  1.91257
0.463097 2.23346  1.9141
0.461564 2.23652  1.91563
0.46003 2.23958  1.91715
0.458496 2.24264  1.91866
0.456944 2.24571  1.92017
0.45539 2.24877  1.92168
0.453836 2.25184  1.92318
0.452265 2.25492  1.92467
0.45069 2.25799  1.92616
0.449117 2.26107  1.92765
0.447524 2.26415  1.92913
0.44593 2.26723  1.93061
0.444336 2.27031  1.93208
0.442722 2.2734  1.93354
0.441106 2.27649  1.93501
0.439491 2.27958  1.93646
0.437862 2.28267  1.93791
0.436232 2.28577  1.93936
0.434582 2.28886  1.9408
0.432929 2.29196  1.94224
0.431277 2.29507  1.94367
0.429604 2.29817  1.94509
0.427928 2.30128  1.94652
0.426253 2.30439  1.94793
0.424557 2.3075  1.94934
0.422858 2.31062  1.95075
0.42116 2.31373  1.95215
0.41944 2.31685  1.95354
0.417718 2.31998  1.95493
0.415996 2.3231  1.95631
0.414251 2.32623  1.95769
0.412504 2.32936  1.95907
0.410757 2.33249  1.96043
0.408987 2.33562  1.96179
0.407215 2.33876  1.96315
0.405443 2.3419  1.9645
0.403647 2.34504  1.96585
0.401848 2.34818  1.96719
0.400034 2.35133  1.96852
0.398217 2.35448  1.96985
0.396401 2.35763  1.97117
0.394561 2.36078  1.97249
0.392717 2.36394  1.9738
0.390875 2.36709  1.9751
0.389006 2.37026  1.9764
0.387134 2.37342  1.9777
0.385263 2.37658  1.97898
0.383366 2.37975  1.98027
0.381464 2.38292  1.98154
0.379564 2.3861  1.98281
0.377637 2.38927  1.98407
0.375705 2.39245  1.98533
0.373775 2.39563  1.98658
0.371816 2.39881  1.98783
0.369854 2.402  1.98907
0.367893 2.40518  1.9903
0.365902 2.40837  1.99153
0.363907 2.41157  1.99275
0.361914 2.41476  1.99396
0.35989 2.41796  1.99517
0.357862 2.42116  1.99637
0.355815 2.42436  1.99756
0.353765 2.42757  1.99875
0.351715 2.43077  1.99993
0.349635 2.43398  2.0011
0.34755 2.43719  2.00227
0.345467 2.44041  2.00343
0.34335 2.44363  2.00459
0.341229 2.44685  2.00573
0.339109 2.45007  2.00687
0.336955 2.45329  2.00801
0.334796 2.45652  2.00914
0.332638 2.45975  2.01026
0.330445 2.46298  2.01137
0.328247 2.46621  2.01247
0.326051 2.46945  2.01357
0.323818 2.47269  2.01466
0.321579 2.47593  2.01575
0.319343 2.47917  2.01683
0.317067 2.48242  2.01789
0.314787 2.48567  2.01896
0.312509 2.48892  2.02001
0.31019 2.49217  2.02106
0.307867 2.49543  2.0221
0.305545 2.49869  2.02313
0.303195 2.50195  2.02416
0.300841 2.50521  2.02517
0.298446 2.50848  2.02618
0.296045 2.51175  2.02718
0.293645 2.51502  2.02818
0.291202 2.51829  2.02916
0.288753 2.52157  2.03014
0.286306 2.52485  2.03111
0.283813 2.52813  2.03207
0.281314 2.53141  2.03303
0.278816 2.53469  2.03397
0.276272 2.53798  2.03491
0.27372 2.54127  2.03584
0.271171 2.54456  2.03676
0.268573 2.54786  2.03767
0.265967 2.55116  2.03857
0.263364 2.55446  2.03947
0.260708 2.55776  2.04035
0.258046 2.56106  2.04123
0.255386 2.56437  2.0421
0.252672 2.56768  2.04296
0.249951 2.57099  2.04381
0.247232 2.5743  2.04465
0.244456 2.57762  2.04548
0.241672 2.58094  2.04631
0.238852 2.58426  2.04712
0.236026 2.58758  2.04793
0.233202 2.59091  2.04872
0.230318 2.59423  2.04951
0.227427 2.59756  2.05028
0.224538 2.6009  2.05105
0.221585 2.60423  2.05181
0.218623 2.60757  2.05255
0.215664 2.61091  2.05329
0.212637 2.61425  2.05402
0.209601 2.61759  2.05474
0.206568 2.62094  2.05544
0.203464 2.62429  2.05614
0.20035 2.62764  2.05683
0.197239 2.63099  2.0575
0.194053 2.63434  2.05817
0.190857 2.6377  2.05882
0.187665 2.64106  2.05947
0.184393 2.64442  2.0601
0.181111 2.64778  2.06072
0.177832 2.65115  2.06133
0.17447 2.65451  2.06193
0.171097 2.65788  2.06252
0.16767 2.66125  2.0631
0.164234 2.66463  2.06366
0.160801 2.668  2.06422
0.15728 2.67138  2.06476
0.153748 2.67476  2.06529
0.15022 2.67814  2.06581
0.146594 2.68152  2.06631
0.142956 2.68491  2.06681
0.139321 2.68829  2.06729
0.135583 2.69168  2.06776
0.131832 2.69507  2.06822
0.128085 2.69846  2.06866
0.124227 2.70186  2.06909
0.120356 2.70525  2.06951
0.116489 2.70865  2.06991
0.112505 2.71205  2.07031
0.108505 2.71545  2.07068
0.104511 2.71885  2.07105
0.100392 2.72225  2.0714
0.0962571 2.72566  2.07174
0.0921271 2.72907  2.07206
0.0878641 2.73247  2.07237
0.0835834 2.73588  2.07266
0.0792148 2.73929  2.07294
0.0748313 2.74271  2.0732
0.0704525 2.74612  2.07345
0.0659326 2.74953  2.07369
0.0613938 2.75295  2.07391
0.0568611 2.75636  2.07411
0.0521659 2.75978  2.0743
0.0474491 2.7632  2.07447
0.0427393 2.76662  2.07462
0.0380269 2.77004  2.07476
0.0333151 2.77346  2.07488
0.0286028 2.77688  2.07499
0.0281492 2.77803  2.07502
0.0282784 2.77805  2.07502
0.0282174 2.77807  2.07502
0.0282235 2.77808  2.07502
0.0282078 2.7781  2.07503
0.028199 2.77811  2.07503
0.0281879 2.77812  2.07503
0.0281774 2.77813  2.07503
0.0281666 2.77814  2.07503
0.0281559 2.77815  2.07503
0.0281454 2.77816  2.07503
0.0281348 2.77818  2.07503
0.0281242 2.77819  2.07503
0.0281135 2.7782  2.07503
0.0281029 2.77822  2.07503
0.0280925 2.77823  2.07503
0.0280821 2.77825  2.07503
0.0280718 2.77826  2.07503
0.0280615 2.77827  2.07503
0.0280513 2.77829  2.07503
0.028041 2.7783  2.07503
0.0280307 2.77832  2.07503
0.0280203 2.77833  2.07503
0.02801 2.77834  2.07503
0.0279995 2.77835  2.07503
0.0279889 2.77836  2.07503
0.0279784 2.77838  2.07503
0.027968 2.77839  2.07503
0.0279576 2.7784  2.07503
0.0279472 2.77841  2.07503
0.0279369 2.77843  2.07503
0.0279266 2.77844  2.07503
0.0279164 2.77846  2.07503
0.0279062 2.77847  2.07503
0.027896 2.77848  2.07503
0.0278858 2.7785  2.07503
0.0278755 2.77851  2.07503
0.0278652 2.77852  2.07503
0.027855 2.77854  2.07503
0.0278446 2.77855  2.07504
0.0278342 2.77856  2.07504
0.0278239 2.77857  2.07504
0.0278136 2.77858  2.07504
0.0278032 2.7786  2.07504
0.0277929 2.77861  2.07504
0.0277827 2.77862  2.07504
0.0277725 2.77864  2.07504
0.0277623 2.77865  2.07504
0.0277521 2.77867  2.07504
0.0277419 2.77868  2.07504
0.0277318 2.77869  2.07504
0.0277216 2.77871  2.07504
0.0277114 2.77872  2.07504
0.0277012 2.77873  2.07504
0.0276909 2.77874  2.07504
0.0276807 2.77876  2.07504
0.0276705 2.77877  2.07504
0.0276602 2.77878  2.07504
0.02765 2.77879  2.07504
0.0276398 2.77881  2.07504
0.0276296 2.77882  2.07504
0.0276195 2.77883  2.07504
0.0276093 2.77885  2.07504
0.0275992 2.77886  2.07504
0.0275891 2.77887  2.07504
0.027579 2.77889  2.07504
0.0275689 2.7789  2.07504
0.0275587 2.77891  2.07505
0.0275486 2.77893  2.07505
