0.00107853 0.00494928  -3.30865e-06
0.00108161 0.00496277  -3.29855e-06
0.00108465 0.00497629  -3.29211e-06
0.00108771 0.00498977  -3.28499e-06
0.00109079 0.00500326  -3.27466e-06
0.00109383 0.00501678  -3.26808e-06
0.00109691 0.00503029  -3.26025e-06
0.00109997 0.00504375  -3.25063e-06
0.00110304 0.00505725  -3.24244e-06
0.00110608 0.00507073  -3.2351e-06
0.00110918 0.0050842  -3.22462e-06
0.00111223 0.00509771  -3.21726e-06
0.00111527 0.0051112  -3.20986e-06
0.00111836 0.00512467  -3.19917e-06
0.00112141 0.00513819  -3.19155e-06
0.00112448 0.00515167  -3.18364e-06
0.00112757 0.00516516  -3.17263e-06
0.00113061 0.00517868  -3.1653e-06
0.00113368 0.00519217  -3.15728e-06
0.00113676 0.00520566  -3.14604e-06
0.00113985 0.00521918  -3.1372e-06
0.00114286 0.00523268  -3.13005e-06
0.00114596 0.00524614  -3.11939e-06
0.00114902 0.00525964  -3.11026e-06
0.00115208 0.00527313  -3.10205e-06
0.00115517 0.0052866  -3.09066e-06
0.00115823 0.00530012  -3.08242e-06
0.00116128 0.00531361  -3.07413e-06
0.00116437 0.00532709  -3.06254e-06
0.00116743 0.0053406  -3.05403e-06
0.0011705 0.00535409  -3.04524e-06
0.00117359 0.00536758  -3.03333e-06
0.00117664 0.00538111  -3.02512e-06
0.0011797 0.0053946  -3.01587e-06
0.0011828 0.00540806  -3.00443e-06
0.00118586 0.00542156  -2.99478e-06
0.00118891 0.00543506  -2.98646e-06
0.001192 0.00544852  -2.97485e-06
0.00119507 0.00546203  -2.96486e-06
0.00119813 0.00547552  -2.95576e-06
0.00120123 0.00548899  -2.94348e-06
0.00120429 0.00550251  -2.93436e-06
0.00120734 0.00551601  -2.9252e-06
0.00121071 0.00668544  -1.53628e-06
0.00121385 0.00900994  1.24461e-06
0.00375668 0.0122497  7.996e-06
0.00839635 0.015648  2.74467e-05
0.013159 0.0190514  6.33806e-05
0.0178789 0.0224538  0.000115311
0.022564 0.0258573  0.000183302
0.0272376 0.0292607  0.00026717
0.0319151 0.0326643  0.000366946
0.0365299 0.0360685  0.000482557
0.041137 0.0394722  0.000613802
0.0457468 0.0428758  0.000760715
0.050295 0.046279  0.000923205
0.054835 0.0496806  0.00110106
0.0593375 0.0530811  0.00129428
0.0638333 0.0564795  0.00150271
0.0683313 0.0598763  0.00172638
0.0727687 0.0632716  0.00196524
0.077198 0.0666651  0.00221909
0.08163 0.0700574  0.002488
0.0860019 0.0734489  0.00277194
0.0903661 0.0768392  0.00307068
0.094733 0.0802289  0.00338429
0.0990405 0.0836182  0.00371271
0.10334 0.0870063  0.0040557
0.107643 0.0903934  0.00441332
0.111887 0.0937795  0.00478547
0.116123 0.0971638  0.00517191
0.120362 0.100546  0.00557265
0.124543 0.103927  0.00598765
0.128716 0.107305  0.00641665
0.132892 0.110681  0.00685972
0.13701 0.114055  0.0073168
0.14112 0.117427  0.00778767
0.145233 0.120797  0.00827242
0.149289 0.124165  0.00877101
0.153338 0.127531  0.00928324
0.157389 0.130895  0.00980915
0.161385 0.134257  0.0103487
0.165354 0.137618  0.0109017
0.169323 0.140976  0.011468
0.173293 0.144333  0.0120477
0.177208 0.147688  0.0126407
0.181116 0.151039  0.0132467
0.185026 0.154389  0.0138658
0.188882 0.157736  0.014498
0.19273 0.16108  0.0151429
0.196581 0.164421  0.0158007
0.200377 0.16776  0.0164713
0.204167 0.171096  0.0171544
0.207959 0.17443  0.0178503
0.211697 0.177761  0.0185588
0.215428 0.18109  0.0192796
0.219162 0.184416  0.020013
0.222843 0.187739  0.0207588
0.226517 0.19106  0.0215168
0.230193 0.194378  0.0222871
0.233817 0.197694  0.0230695
0.237435 0.201007  0.0238639
0.241054 0.204316  0.0246703
0.244639 0.207623  0.0254885
0.248219 0.210927  0.0263186
0.25175 0.214228  0.0271605
0.255274 0.217525  0.0280139
0.2588 0.22082  0.0288789
0.262275 0.224111  0.0297555
0.265744 0.2274  0.0306435
0.269214 0.230685  0.031543
0.272635 0.233968  0.0324539
0.27605 0.237247  0.033376
0.279466 0.240523  0.0343093
0.282833 0.243797  0.0352538
0.286193 0.247067  0.0362093
0.289556 0.250334  0.0371757
0.29287 0.253598  0.0381532
0.296177 0.256858  0.0391413
0.299486 0.260116  0.0401403
0.302747 0.26337  0.04115
0.306002 0.26662  0.0421702
0.309227 0.269867  0.043201
0.312448 0.273111  0.0442422
0.315669 0.276351  0.0452939
0.318844 0.279589  0.0463561
0.322013 0.282822  0.0474284
0.325152 0.286053  0.048511
0.328287 0.28928  0.0496037
0.331423 0.292504  0.0507066
0.334513 0.295724  0.0518197
0.337598 0.298941  0.0529425
0.340684 0.302155  0.0540754
0.343724 0.305365  0.0552181
0.346758 0.308572  0.0563705
0.349794 0.311775  0.0575327
0.352784 0.314975  0.0587046
0.355769 0.31817  0.0598859
0.358756 0.321363  0.0610768
0.361697 0.324552  0.0622772
0.364633 0.327737  0.063487
0.367571 0.330919  0.0647061
0.370464 0.334098  0.0659346
0.373352 0.337273  0.0671722
0.376242 0.340444  0.068419
0.379087 0.343612  0.0696751
0.381927 0.346776  0.07094
0.384769 0.349937  0.072214
0.387568 0.353094  0.0734969
0.390361 0.356248  0.0747886
0.393156 0.359398  0.0760891
0.395908 0.362544  0.0773985
0.398654 0.365687  0.0787164
0.401402 0.368826  0.0800429
0.404108 0.371961  0.0813781
0.406809 0.375093  0.0827217
0.409484 0.378222  0.0840738
0.412154 0.381346  0.0854342
0.414826 0.384467  0.086803
0.417457 0.387585  0.0881802
0.420082 0.390699  0.0895655
0.422709 0.393809  0.0909589
0.425295 0.396916  0.0923606
0.427876 0.400019  0.0937702
0.430458 0.403118  0.0951878
0.433 0.406214  0.0966135
0.435537 0.409306  0.0980469
0.438076 0.412395  0.0994882
0.440574 0.41548  0.100937
0.443068 0.418561  0.102394
0.445563 0.421639  0.103859
0.448019 0.424713  0.105331
0.450469 0.427784  0.106811
0.452896 0.430851  0.108298
0.455318 0.433914  0.109793
0.457742 0.436974  0.111295
0.460128 0.44003  0.112804
0.462508 0.443083  0.114321
0.464865 0.446132  0.115845
0.467218 0.449177  0.117376
0.469572 0.452219  0.118914
0.471889 0.455257  0.12046
0.474201 0.458292  0.122013
0.476514 0.461323  0.123572
0.47879 0.46435  0.125139
0.481061 0.467374  0.126712
0.483334 0.470395  0.128292
0.485569 0.473412  0.12988
0.4878 0.476425  0.131473
0.490033 0.479435  0.133074
0.492229 0.482441  0.134681
0.49442 0.485444  0.136295
0.496613 0.488443  0.137916
0.49877 0.491439  0.139543
0.500923 0.494431  0.141176
0.503076 0.49742  0.142816
0.505195 0.500405  0.144462
0.507308 0.503387  0.146115
0.509423 0.506365  0.147774
0.511503 0.50934  0.149439
0.513579 0.512311  0.151111
0.515633 0.515279  0.152788
0.517684 0.518244  0.154472
0.519735 0.521205  0.156162
0.521753 0.524163  0.157858
0.523766 0.527117  0.159559
0.525758 0.530068  0.161267
0.527747 0.533015  0.162981
0.529737 0.535959  0.1647
0.531693 0.5389  0.166426
0.533646 0.541837  0.168157
0.535599 0.544771  0.169893
0.537519 0.547702  0.171636
0.539435 0.550629  0.173384
0.541353 0.553553  0.175138
0.543237 0.556474  0.176897
0.545118 0.559391  0.178662
0.547 0.562305  0.180432
0.548849 0.565216  0.182208
0.550694 0.568123  0.183989
0.552541 0.571027  0.185776
0.554356 0.573928  0.187568
0.556166 0.576826  0.189365
0.557957 0.579721  0.191167
0.559745 0.582612  0.192975
0.561514 0.5855  0.194787
0.563279 0.588385  0.196605
0.565045 0.591266  0.198428
0.566781 0.594145  0.200256
0.568513 0.59702  0.202089
0.570245 0.599893  0.203927
0.571948 0.602762  0.20577
0.573646 0.605627  0.207618
0.575346 0.60849  0.209471
0.577015 0.61135  0.211328
0.578681 0.614207  0.21319
0.580348 0.61706  0.215057
0.581985 0.619911  0.216929
0.583618 0.622758  0.218806
0.585252 0.625602  0.220687
0.586857 0.628444  0.222573
0.588459 0.631282  0.224463
0.590061 0.634117  0.226358
0.591635 0.636949  0.228257
0.593205 0.639779  0.230161
0.594776 0.642605  0.23207
0.596318 0.645428  0.233982
0.597857 0.648249  0.235899
0.599378 0.651066  0.237821
0.600897 0.653881  0.239747
0.602416 0.656693  0.241676
0.603908 0.659501  0.243611
0.605396 0.662307  0.245549
0.606885 0.66511  0.247492
0.608346 0.667911  0.249439
0.609804 0.670708  0.25139
0.611263 0.673502  0.253344
0.612695 0.676294  0.255304
0.614124 0.679083  0.257267
0.615553 0.681869  0.259234
0.616956 0.684653  0.261205
0.618355 0.687433  0.263179
0.619755 0.690211  0.265158
0.621129 0.692986  0.267141
0.6225 0.695759  0.269127
0.623871 0.698528  0.271118
0.625217 0.701295  0.273112
0.626559 0.70406  0.275109
0.627902 0.706821  0.277111
0.629219 0.709581  0.279116
0.630533 0.712337  0.281125
0.631832 0.715091  0.283138
0.633127 0.717842  0.285154
0.634407 0.720591  0.287173
0.635685 0.723337  0.289196
0.636963 0.72608  0.291223
0.638217 0.728821  0.293253
0.639467 0.731559  0.295287
0.640718 0.734295  0.297324
0.641945 0.737029  0.299364
0.643169 0.739759  0.301408
0.644393 0.742488  0.303455
0.645593 0.745214  0.305505
0.646791 0.747937  0.307559
0.647973 0.750658  0.309616
0.649153 0.753377  0.311676
0.650318 0.756093  0.31374
0.651481 0.758807  0.315806
0.652644 0.761518  0.317876
0.653784 0.764227  0.319949
0.654922 0.766934  0.322025
0.65606 0.769638  0.324104
0.657175 0.77234  0.326186
0.658287 0.77504  0.328271
0.659399 0.777737  0.330359
0.66049 0.780432  0.33245
0.661577 0.783125  0.334544
0.662665 0.785815  0.336641
0.66373 0.788504  0.338741
0.664793 0.79119  0.340844
0.665842 0.793874  0.342949
0.666888 0.796555  0.345058
0.667921 0.799235  0.347169
0.668952 0.801912  0.349283
0.669983 0.804587  0.3514
0.670993 0.80726  0.353519
0.672 0.809931  0.355642
0.673008 0.8126  0.357767
0.673994 0.815267  0.359894
0.674978 0.817931  0.362024
0.675948 0.820594  0.364157
0.676917 0.823254  0.366293
0.677886 0.825913  0.368431
0.678834 0.828569  0.370571
0.679779 0.831223  0.372715
0.680725 0.833875  0.37486
0.681651 0.836526  0.377008
0.682574 0.839174  0.379159
0.683498 0.84182  0.381312
0.684401 0.844465  0.383467
0.685302 0.847107  0.385625
0.686203 0.849748  0.387786
0.687085 0.852386  0.389948
0.687964 0.855023  0.392113
0.688844 0.857658  0.39428
0.689703 0.860291  0.39645
0.690561 0.862922  0.398622
0.691419 0.865551  0.400796
0.692258 0.868179  0.402972
0.693094 0.870804  0.405151
0.693931 0.873428  0.407332
0.694748 0.87605  0.409515
0.695564 0.87867  0.4117
0.696379 0.881288  0.413887
0.697177 0.883905  0.416076
0.697971 0.88652  0.418268
0.698766 0.889133  0.420461
0.699543 0.891745  0.422657
0.700317 0.894355  0.424855
0.70108 0.896963  0.427054
0.701841 0.899569  0.429256
0.702603 0.902174  0.43146
0.703346 0.904777  0.433665
0.704087 0.907378  0.435873
0.704829 0.909978  0.438082
0.705553 0.912577  0.440294
0.706274 0.915173  0.442507
0.706997 0.917768  0.444722
0.707701 0.920362  0.446939
0.708404 0.922954  0.449158
0.709107 0.925544  0.451379
0.709792 0.928133  0.453601
0.710475 0.930721  0.455826
0.711159 0.933306  0.458052
0.711826 0.935891  0.46028
0.712491 0.938474  0.462509
0.713156 0.941055  0.46474
0.713805 0.943635  0.466974
0.714451 0.946213  0.469208
0.715098 0.94879  0.471445
0.715728 0.951366  0.473683
0.716356 0.95394  0.475922
0.716984 0.956513  0.478163
0.717597 0.959085  0.480406
0.718207 0.961655  0.482651
0.718807 0.964224  0.484897
0.719405 0.966791  0.487144
0.719994 0.969357  0.489393
0.720581 0.971922  0.491644
0.721168 0.974485  0.493896
0.72174 0.977048  0.49615
0.722309 0.979608  0.498405
0.722879 0.982168  0.500661
0.723434 0.984726  0.502919
0.723986 0.987284  0.505179
0.72454 0.989839  0.50744
0.725077 0.992394  0.509702
0.725613 0.994947  0.511966
0.72615 0.9975  0.514231
0.726671 1.00005  0.516497
0.72719 1.0026  0.518765
0.72771 1.00515  0.521034
0.728215 1.0077  0.523304
0.728718 1.01024  0.525576
0.729221 1.01279  0.527849
0.72971 1.01533  0.530123
0.730197 1.01788  0.532398
0.730685 1.02042  0.534675
0.731158 1.02296  0.536953
0.731629 1.0255  0.539232
0.732101 1.02804  0.541512
0.732558 1.03057  0.543794
0.733014 1.03311  0.546076
0.733461 1.03565  0.54836
0.733906 1.03818  0.550645
0.734352 1.04072  0.552931
0.734785 1.04325  0.555219
0.735215 1.04578  0.557507
0.735646 1.04831  0.559796
0.736063 1.05084  0.562087
0.736478 1.05337  0.564378
0.736894 1.0559  0.566671
0.737297 1.05842  0.568965
0.737697 1.06095  0.571259
0.738099 1.06347  0.573555
0.738487 1.066  0.575852
0.738873 1.06852  0.57815
0.73926 1.07104  0.580448
0.739633 1.07357  0.582748
0.740005 1.07609  0.585049
0.740378 1.07861  0.58735
0.740738 1.08112  0.589653
0.741096 1.08364  0.591956
0.741454 1.08616  0.59426
0.7418 1.08868  0.596565
0.742144 1.09119  0.598871
0.742489 1.09371  0.601178
0.742821 1.09622  0.603486
0.743152 1.09873  0.605795
0.743483 1.10125  0.608104
0.743801 1.10376  0.610415
0.744118 1.10627  0.612726
0.744428 1.10878  0.615038
0.744737 1.11129  0.61735
0.745045 1.1138  0.619664
0.745342 1.11631  0.621978
0.745638 1.11882  0.624293
0.745933 1.12132  0.626609
0.746217 1.12383  0.628925
0.7465 1.12633  0.631242
0.746783 1.12884  0.63356
0.747054 1.13134  0.635879
0.747324 1.13385  0.638198
0.747594 1.13635  0.640518
0.747853 1.13885  0.642839
0.748111 1.14136  0.64516
0.748368 1.14386  0.647482
0.748615 1.14636  0.649804
0.74886 1.14886  0.652128
0.749098 1.15136  0.654451
0.749335 1.15386  0.656776
0.749566 1.15635  0.659101
0.749795 1.15885  0.661426
0.750024 1.16135  0.663752
0.750243 1.16385  0.666079
0.75046 1.16634  0.668406
0.750678 1.16884  0.670734
0.750885 1.17134  0.673063
0.751091 1.17383  0.675391
0.751297 1.17632  0.677721
0.751492 1.17882  0.680051
0.751687 1.18131  0.682381
0.751881 1.18381  0.684712
0.752065 1.1863  0.687043
0.752248 1.18879  0.689375
0.752432 1.19128  0.691707
0.752605 1.19377  0.69404
0.752777 1.19627  0.696373
0.752949 1.19876  0.698707
0.753111 1.20125  0.701041
0.753272 1.20374  0.703375
0.753433 1.20623  0.70571
0.753584 1.20871  0.708045
0.753734 1.2112  0.710381
0.753885 1.21369  0.712717
0.754026 1.21618  0.715053
0.754165 1.21867  0.71739
0.754305 1.22116  0.719727
0.754438 1.22364  0.722065
0.754565 1.22613  0.724402
0.75469 1.22862  0.72674
0.754816 1.2311  0.729079
0.754933 1.23359  0.731417
0.755048 1.23607  0.733756
0.755164 1.23856  0.736096
0.75527 1.24105  0.738435
0.755376 1.24353  0.740775
0.755481 1.24602  0.743115
0.755578 1.2485  0.745455
0.755673 1.25098  0.747796
0.755769 1.25347  0.750137
0.755856 1.25595  0.752478
0.755941 1.25844  0.754819
0.756027 1.26092  0.757161
0.756104 1.2634  0.759502
0.75618 1.26589  0.761844
0.756257 1.26837  0.764186
0.756324 1.27085  0.766529
0.756391 1.27333  0.768871
0.756458 1.27582  0.771214
0.756516 1.2783  0.773556
0.756574 1.28078  0.775899
0.756626 1.28326  0.778242
0.756677 1.28575  0.780586
0.756728 1.28823  0.782929
0.756771 1.29071  0.785272
0.756813 1.29319  0.787616
0.756856 1.29567  0.78996
0.75689 1.29815  0.792303
0.756923 1.30064  0.794647
0.756957 1.30312  0.796991
0.756982 1.3056  0.799335
0.757006 1.30808  0.801679
0.757031 1.31056  0.804024
0.757048 1.31304  0.806368
0.757063 1.31552  0.808712
0.757079 1.318  0.811056
0.757087 1.32048  0.813401
0.757095 1.32297  0.815745
0.757102 1.32545  0.818089
0.757102 1.32793  0.820434
0.757101 1.33041  0.822778
0.7571 1.33289  0.825123
0.757091 1.33537  0.827467
0.757081 1.33785  0.829811
0.757072 1.34033  0.832156
0.757056 1.34281  0.8345
0.757038 1.3453  0.836844
0.75702 1.34778  0.839189
0.756996 1.35026  0.841533
0.75697 1.35274  0.843877
0.756945 1.35522  0.846221
0.756912 1.3577  0.848565
0.756878 1.36018  0.850909
0.75684 1.36267  0.853253
0.756801 1.36515  0.855597
0.756763 1.36763  0.85794
0.756717 1.37011  0.860284
0.756671 1.37259  0.862627
0.756624 1.37507  0.864971
0.756571 1.37756  0.867314
0.756517 1.38004  0.869657
0.756463 1.38252  0.872
0.756403 1.385  0.874343
0.756341 1.38749  0.876685
0.756275 1.38997  0.879028
0.756209 1.39245  0.88137
0.756142 1.39494  0.883712
0.75607 1.39742  0.886055
0.755996 1.3999  0.888396
0.755922 1.40239  0.890738
0.755842 1.40487  0.89308
0.755761 1.40736  0.895421
0.75568 1.40984  0.897762
0.755595 1.41232  0.900103
0.75551 1.41481  0.902444
0.755418 1.41729  0.904784
0.755325 1.41978  0.907124
0.755232 1.42227  0.909464
0.755134 1.42475  0.911804
0.755034 1.42724  0.914144
0.754934 1.42972  0.916483
0.754829 1.43221  0.918822
0.754722 1.4347  0.921161
0.754616 1.43718  0.923499
0.754503 1.43967  0.925837
0.75439 1.44216  0.928175
0.754277 1.44464  0.930513
0.754158 1.44713  0.932851
0.754038 1.44962  0.935188
0.753918 1.45211  0.937525
0.753793 1.4546  0.939861
0.753666 1.45709  0.942197
0.75354 1.45958  0.944533
0.753408 1.46207  0.946869
0.753275 1.46456  0.949204
0.753139 1.46705  0.951539
0.753002 1.46954  0.953874
0.752865 1.47203  0.956208
0.752722 1.47452  0.958542
0.752579 1.47701  0.960875
0.752432 1.4795  0.963208
0.752284 1.482  0.965541
0.752137 1.48449  0.967874
0.751984 1.48698  0.970206
0.75183 1.48947  0.972538
0.751677 1.49197  0.974869
0.751517 1.49446  0.9772
0.751358 1.49696  0.97953
0.751198 1.49945  0.981861
0.751033 1.50195  0.98419
0.750867 1.50444  0.98652
0.750702 1.50694  0.988849
0.750531 1.50943  0.991177
0.750359 1.51193  0.993505
0.750187 1.51443  0.995833
0.750011 1.51693  0.99816
0.749833 1.51942  1.00049
0.749656 1.52192  1.00281
0.749473 1.52442  1.00514
0.74929 1.52692  1.00746
0.749106 1.52942  1.00979
0.748918 1.53192  1.01211
0.748729 1.53442  1.01444
0.74854 1.53692  1.01676
0.748346 1.53942  1.01908
0.748151 1.54193  1.02141
0.747953 1.54443  1.02373
0.747755 1.54693  1.02605
0.747557 1.54943  1.02837
0.747354 1.55194  1.03069
0.74715 1.55444  1.03301
0.746946 1.55695  1.03533
0.746737 1.55945  1.03765
0.746528 1.56196  1.03997
0.746319 1.56446  1.04229
0.746104 1.56697  1.04461
0.74589 1.56948  1.04692
0.745675 1.57199  1.04924
0.745455 1.57449  1.05156
0.745235 1.577  1.05387
0.745015 1.57951  1.05619
0.744791 1.58202  1.0585
0.744565 1.58453  1.06081
0.74434 1.58704  1.06313
0.74411 1.58955  1.06544
0.743879 1.59207  1.06775
0.743649 1.59458  1.07006
0.743414 1.59709  1.07237
0.743178 1.59961  1.07468
0.742942 1.60212  1.07699
0.742702 1.60463  1.0793
0.742461 1.60715  1.08161
0.74222 1.60966  1.08392
0.741975 1.61218  1.08623
0.741729 1.6147  1.08853
0.74148 1.61722  1.09084
0.741231 1.61973  1.09315
0.740981 1.62225  1.09545
0.740728 1.62477  1.09775
0.740473 1.62729  1.10006
0.740219 1.62981  1.10236
0.739961 1.63233  1.10466
0.739701 1.63485  1.10696
0.739442 1.63738  1.10927
0.739179 1.6399  1.11157
0.738915 1.64242  1.11387
0.738651 1.64495  1.11616
0.738382 1.64747  1.11846
0.738113 1.64999  1.12076
0.737844 1.65252  1.12306
0.737571 1.65505  1.12535
0.737297 1.65757  1.12765
0.737024 1.6601  1.12994
0.736746 1.66263  1.13224
0.736467 1.66516  1.13453
0.736189 1.66769  1.13682
0.735906 1.67022  1.13912
0.735623 1.67275  1.14141
0.73534 1.67528  1.1437
0.735052 1.67781  1.14599
0.734764 1.68035  1.14828
0.734473 1.68288  1.15057
0.734182 1.68541  1.15285
0.733891 1.68795  1.15514
0.733596 1.69048  1.15743
0.7333 1.69302  1.15971
0.733005 1.69556  1.162
0.732705 1.69809  1.16428
0.732405 1.70063  1.16656
0.732104 1.70317  1.16885
0.7318 1.70571  1.17113
0.731495 1.70825  1.17341
0.73119 1.71079  1.17569
0.730881 1.71333  1.17797
0.730572 1.71588  1.18025
0.730262 1.71842  1.18253
0.729949 1.72096  1.1848
0.729635 1.72351  1.18708
0.729321 1.72605  1.18935
0.729003 1.7286  1.19163
0.728684 1.73115  1.1939
0.728366 1.73369  1.19618
0.728045 1.73624  1.19845
0.727723 1.73879  1.20072
0.727398 1.74134  1.20299
0.727072 1.74389  1.20526
0.726746 1.74644  1.20753
0.726416 1.74899  1.2098
0.726085 1.75155  1.21206
0.725755 1.7541  1.21433
0.72542 1.75665  1.2166
0.725085 1.75921  1.21886
0.724751 1.76176  1.22113
0.724412 1.76432  1.22339
0.724072 1.76688  1.22565
0.723733 1.76944  1.22791
0.72339 1.772  1.23017
0.723046 1.77455  1.23243
0.722702 1.77711  1.23469
0.722355 1.77968  1.23695
0.722006 1.78224  1.2392
0.721658 1.7848  1.24146
0.721306 1.78736  1.24372
0.720953 1.78993  1.24597
0.720601 1.79249  1.24822
0.720245 1.79506  1.25048
0.719888 1.79763  1.25273
0.719531 1.80019  1.25498
0.71917 1.80276  1.25723
0.718808 1.80533  1.25948
0.718444 1.8079  1.26172
0.71808 1.81047  1.26397
0.717716 1.81304  1.26622
0.717348 1.81561  1.26846
0.716979 1.81819  1.27071
0.716611 1.82076  1.27295
0.716238 1.82334  1.27519
0.715865 1.82591  1.27743
0.715492 1.82849  1.27967
0.715115 1.83107  1.28191
0.714738 1.83364  1.28415
0.71436 1.83622  1.28639
0.713979 1.8388  1.28862
0.713597 1.84138  1.29086
0.713216 1.84397  1.29309
0.71283 1.84655  1.29533
0.712444 1.84913  1.29756
0.712058 1.85172  1.29979
0.711668 1.8543  1.30202
0.711277 1.85689  1.30425
0.710887 1.85947  1.30648
0.710492 1.86206  1.30871
0.710097 1.86465  1.31093
0.709702 1.86724  1.31316
0.709303 1.86983  1.31538
0.708904 1.87242  1.3176
0.708502 1.87501  1.31983
0.708099 1.87761  1.32205
0.707697 1.8802  1.32427
0.707291 1.88279  1.32649
0.706884 1.88539  1.32871
0.706477 1.88799  1.33092
0.706067 1.89058  1.33314
0.705655 1.89318  1.33535
0.705244 1.89578  1.33757
0.704829 1.89838  1.33978
0.704413 1.90098  1.34199
0.703998 1.90359  1.3442
0.703578 1.90619  1.34641
0.703158 1.90879  1.34862
0.702738 1.9114  1.35083
0.702313 1.914  1.35303
0.701888 1.91661  1.35524
0.701464 1.91922  1.35744
0.701035 1.92183  1.35964
0.700606 1.92444  1.36185
0.700177 1.92705  1.36405
0.699743 1.92966  1.36625
0.699309 1.93227  1.36845
0.698873 1.93488  1.37064
0.698436 1.9375  1.37284
0.697996 1.94011  1.37503
0.697556 1.94273  1.37723
0.697116 1.94535  1.37942
0.696672 1.94797  1.38161
0.696227 1.95059  1.3838
0.695783 1.95321  1.38599
0.695334 1.95583  1.38818
0.694885 1.95845  1.39037
0.694436 1.96107  1.39255
0.693982 1.9637  1.39474
0.693528 1.96632  1.39692
0.693074 1.96895  1.3991
0.692616 1.97157  1.40128
0.692157 1.9742  1.40346
0.691695 1.97683  1.40564
0.691233 1.97946  1.40782
0.690769 1.98209  1.40999
0.690303 1.98473  1.41217
0.689838 1.98736  1.41434
0.689369 1.98999  1.41652
0.688899 1.99263  1.41869
0.688426 1.99526  1.42086
0.687953 1.9979  1.42302
0.687479 2.00054  1.42519
0.687002 2.00318  1.42736
0.686523 2.00582  1.42952
0.686045 2.00846  1.43169
0.685563 2.0111  1.43385
0.685079 2.01375  1.43601
0.684596 2.01639  1.43817
0.684109 2.01904  1.44033
0.68362 2.02168  1.44249
0.683132 2.02433  1.44464
0.682639 2.02698  1.4468
0.682146 2.02963  1.44895
0.681653 2.03228  1.4511
0.681155 2.03493  1.45325
0.680656 2.03759  1.4554
0.680157 2.04024  1.45755
0.679654 2.04289  1.4597
0.67915 2.04555  1.46184
0.678647 2.04821  1.46399
0.678138 2.05087  1.46613
0.677629 2.05353  1.46827
0.67712 2.05619  1.47041
0.676606 2.05885  1.47255
0.676091 2.06151  1.47469
0.675574 2.06418  1.47682
0.675056 2.06684  1.47896
0.674538 2.06951  1.48109
0.674015 2.07217  1.48322
0.673491 2.07484  1.48535
0.672967 2.07751  1.48748
0.672439 2.08018  1.48961
0.67191 2.08285  1.49174
0.671381 2.08553  1.49386
0.670846 2.0882  1.49599
0.670311 2.09088  1.49811
0.669777 2.09355  1.50023
0.669237 2.09623  1.50235
0.668696 2.09891  1.50446
0.668156 2.10159  1.50658
0.66761 2.10427  1.5087
0.667063 2.10695  1.51081
0.666517 2.10963  1.51292
0.665965 2.11232  1.51503
0.665413 2.115  1.51714
0.664861 2.11769  1.51925
0.664303 2.12038  1.52135
0.663745 2.12307  1.52346
0.663186 2.12576  1.52556
0.662623 2.12845  1.52766
0.662058 2.13114  1.52976
0.66149 2.13384  1.53186
0.660921 2.13653  1.53396
0.660353 2.13923  1.53605
0.659778 2.14192  1.53815
0.659203 2.14462  1.54024
0.658629 2.14732  1.54233
0.658048 2.15002  1.54442
0.657467 2.15273  1.54651
0.656886 2.15543  1.54859
0.656299 2.15813  1.55068
0.655711 2.16084  1.55276
0.655123 2.16355  1.55484
0.654529 2.16625  1.55692
0.653935 2.16896  1.559
0.65334 2.17167  1.56108
0.65274 2.17439  1.56315
0.652138 2.1771  1.56522
0.651537 2.17981  1.56729
0.65093 2.18253  1.56936
0.650322 2.18525  1.57143
0.649714 2.18797  1.5735
0.649099 2.19069  1.57556
0.648484 2.19341  1.57763
0.647865 2.19613  1.57969
0.647245 2.19885  1.58175
0.646625 2.20158  1.58381
0.645998 2.2043  1.58586
0.645371 2.20703  1.58792
0.644744 2.20976  1.58997
0.64411 2.21249  1.59202
0.643476 2.21522  1.59407
0.642841 2.21795  1.59612
0.6422 2.22069  1.59817
0.641558 2.22342  1.60021
0.640916 2.22616  1.60226
0.640266 2.22889  1.6043
0.639616 2.23163  1.60634
0.638967 2.23437  1.60837
0.63831 2.23712  1.61041
0.637652 2.23986  1.61244
0.636994 2.2426  1.61447
0.636329 2.24535  1.6165
0.635663 2.2481  1.61853
0.634997 2.25084  1.62056
0.634324 2.25359  1.62258
0.63365 2.25635  1.62461
0.632976 2.2591  1.62663
0.632294 2.26185  1.62865
0.631611 2.26461  1.63066
0.630929 2.26736  1.63268
0.630238 2.27012  1.63469
0.629547 2.27288  1.63671
0.62885 2.27564  1.63872
0.628153 2.27841  1.64072
0.627451 2.28117  1.64273
0.626747 2.28393  1.64473
0.626044 2.2867  1.64673
0.625333 2.28947  1.64873
0.624621 2.29224  1.65073
0.623909 2.29501  1.65273
0.623188 2.29778  1.65472
0.622467 2.30055  1.65672
0.621745 2.30333  1.65871
0.621015 2.30611  1.66069
0.620284 2.30888  1.66268
0.619547 2.31166  1.66466
0.618809 2.31444  1.66665
0.618072 2.31723  1.66863
0.617325 2.32001  1.6706
0.616577 2.3228  1.67258
0.61583 2.32558  1.67455
0.615073 2.32837  1.67652
0.614315 2.33116  1.67849
0.613557 2.33395  1.68046
0.61279 2.33675  1.68243
0.612021 2.33954  1.68439
0.611253 2.34234  1.68635
0.610475 2.34513  1.68831
0.609695 2.34793  1.69027
0.608916 2.35073  1.69222
0.608126 2.35353  1.69417
0.607336 2.35634  1.69612
0.606545 2.35914  1.69807
0.605745 2.36195  1.70002
0.604942 2.36476  1.70196
0.604134 2.36757  1.7039
0.603324 2.37038  1.70584
0.602514 2.37319  1.70778
0.601693 2.37601  1.70971
0.600872 2.37882  1.71164
0.60005 2.38164  1.71357
0.599217 2.38446  1.7155
0.598383 2.38728  1.71743
0.597549 2.3901  1.71935
0.596703 2.39293  1.72127
0.595856 2.39575  1.72319
0.59501 2.39858  1.7251
0.594151 2.40141  1.72702
0.593291 2.40424  1.72893
0.592431 2.40707  1.73084
0.591559 2.40991  1.73274
0.590685 2.41274  1.73464
0.589812 2.41558  1.73655
0.588926 2.41842  1.73844
0.588038 2.42126  1.74034
0.587142 2.4241  1.74223
0.586245 2.42695  1.74412
0.585348 2.42979  1.74601
0.584438 2.43264  1.7479
0.583526 2.43549  1.74978
0.582615 2.43834  1.75166
0.58169 2.44119  1.75354
0.580762 2.44405  1.75542
0.579836 2.4469  1.75729
0.578895 2.44976  1.75916
0.577952 2.45262  1.76103
0.57701 2.45548  1.76289
0.576053 2.45834  1.76475
0.575094 2.46121  1.76661
0.574125 2.46408  1.76847
0.573155 2.46695  1.77032
0.572175 2.46982  1.77217
0.571194 2.47269  1.77402
0.570213 2.47556  1.77587
0.569216 2.47844  1.77771
0.568217 2.48132  1.77955
0.567219 2.4842  1.78138
0.566204 2.48708  1.78322
0.565187 2.48996  1.78505
0.564171 2.49285  1.78688
0.563137 2.49573  1.7887
0.562101 2.49862  1.79052
0.561065 2.50151  1.79234
0.560012 2.50441  1.79416
0.558956 2.5073  1.79597
0.557901 2.5102  1.79778
0.556827 2.5131  1.79959
0.555744 2.516  1.80139
0.554662 2.5189  1.80319
0.553579 2.5218  1.80499
0.552477 2.52471  1.80678
0.551372 2.52762  1.80858
0.550255 2.53053  1.81036
0.549136 2.53344  1.81215
0.548018 2.53636  1.81393
0.546879 2.53927  1.81571
0.545737 2.54219  1.81748
0.544582 2.54511  1.81925
0.543424 2.54803  1.82102
0.542267 2.55096  1.82279
0.541088 2.55388  1.82455
0.539906 2.55681  1.82631
0.538725 2.55974  1.82806
0.53752 2.56268  1.82981
0.536313 2.56561  1.83156
0.535106 2.56855  1.8333
0.533875 2.57149  1.83504
0.53264 2.57443  1.83678
0.531406 2.57737  1.83851
0.530147 2.58032  1.84024
0.528885 2.58327  1.84197
0.527623 2.58622  1.84369
0.526334 2.58917  1.84541
0.525042 2.59213  1.84712
0.523751 2.59508  1.84883
0.522432 2.59804  1.85054
0.52111 2.601  1.85224
0.519788 2.60397  1.85394
0.518437 2.60693  1.85564
0.517082 2.6099  1.85733
0.515728 2.61287  1.85901
0.514343 2.61585  1.8607
0.512955 2.61882  1.86238
0.511546 2.6218  1.86405
0.510134 2.62478  1.86572
0.508722 2.62776  1.86739
0.507278 2.63075  1.86905
0.50583 2.63373  1.87071
0.504383 2.63672  1.87236
0.502901 2.63972  1.87401
0.501414 2.64271  1.87566
0.499928 2.64571  1.8773
0.498405 2.64871  1.87893
0.496877 2.65171  1.88056
0.495351 2.65471  1.88219
0.493785 2.65772  1.88381
0.492214 2.66073  1.88543
0.490645 2.66374  1.88704
0.489033 2.66676  1.88865
0.487416 2.66977  1.89025
0.485802 2.67279  1.89185
0.484142 2.67582  1.89344
0.482477 2.67884  1.89503
0.480814 2.68187  1.89661
0.479104 2.6849  1.89819
0.47737 2.68793  1.89976
0.475636 2.69097  1.90133
0.473902 2.69401  1.90289
0.47212 2.69705  1.90445
0.470332 2.7001  1.906
0.468546 2.70314  1.90755
0.466705 2.70619  1.90909
0.464857 2.70925  1.91063
0.462973 2.7123  1.91215
0.461084 2.71536  1.91368
0.459196 2.71842  1.9152
0.457249 2.72149  1.91671
0.455294 2.72456  1.91821
0.453299 2.72763  1.91971
0.451297 2.7307  1.92121
0.449298 2.73378  1.9227
0.447232 2.73686  1.92418
0.445157 2.73994  1.92565
0.443085 2.74303  1.92712
0.440938 2.74612  1.92858
0.438782 2.74921  1.93004
0.436629 2.7523  1.93149
0.434396 2.7554  1.93293
0.432152 2.7585  1.93437
0.429912 2.76161  1.9358
0.427584 2.76472  1.93722
0.425245 2.76783  1.93863
0.42291 2.77094  1.94004
0.420574 2.77406  1.94144
0.418238 2.77719  1.94283
0.415902 2.78031  1.94421
0.418229 2.78221  1.94506
0.421187 2.78307  1.94544
0.421441 2.78309  1.94545
0.42138 2.78311  1.94545
0.421402 2.78312  1.94546
0.421399 2.78313  1.94547
0.421403 2.78314  1.94547
0.421405 2.78315  1.94548
0.421408 2.78316  1.94548
0.42141 2.78317  1.94549
0.421412 2.78319  1.94549
0.421414 2.7832  1.9455
0.421417 2.78321  1.9455
0.421419 2.78322  1.94551
0.421421 2.78323  1.94551
0.421424 2.78325  1.94552
0.421426 2.78326  1.94552
0.421429 2.78327  1.94553
0.421431 2.78329  1.94554
0.421434 2.7833  1.94554
0.421437 2.78331  1.94555
0.421439 2.78333  1.94555
0.421442 2.78334  1.94556
0.421444 2.78335  1.94556
0.421446 2.78336  1.94557
0.421449 2.78337  1.94557
0.421451 2.78338  1.94558
0.421454 2.7834  1.94558
0.421456 2.78341  1.94559
0.421458 2.78342  1.94559
0.421461 2.78343  1.9456
0.421463 2.78345  1.94561
0.421466 2.78346  1.94561
0.421468 2.78347  1.94562
0.421471 2.78349  1.94562
0.421474 2.7835  1.94563
0.421476 2.78351  1.94563
0.421479 2.78352  1.94564
0.421481 2.78353  1.94565
0.421484 2.78355  1.94565
0.421486 2.78356  1.94566
0.421488 2.78357  1.94566
0.421491 2.78358  1.94567
0.421493 2.78359  1.94567
0.421496 2.78361  1.94568
0.421498 2.78362  1.94568
0.421501 2.78363  1.94569
0.421503 2.78364  1.94569
0.421506 2.78366  1.9457
0.421508 2.78367  1.94571
0.421511 2.78368  1.94571
0.421514 2.78369  1.94572
0.421516 2.78371  1.94572
0.421519 2.78372  1.94573
0.421521 2.78373  1.94573
0.421524 2.78374  1.94574
0.421526 2.78375  1.94574
0.421529 2.78377  1.94575
0.421531 2.78378  1.94575
0.421534 2.78379  1.94576
0.421536 2.7838  1.94577
0.421539 2.78382  1.94577
0.421541 2.78383  1.94578
0.421544 2.78384  1.94578
0.421546 2.78385  1.94579
0.421549 2.78387  1.94579
0.421551 2.78388  1.9458
0.421554 2.78389  1.9458
0.421557 2.7839  1.94581
0.421559 2.78392  1.94582
0.421562 2.78393  1.94582
0.421564 2.78394  1.94583
0.421567 2.78395  1.94583
0.421569 2.78396  1.94584
0.421572 2.78398  1.94584
0.421574 2.78399  1.94585
0.421577 2.784  1.94585
0.421579 2.78401  1.94586
0.421582 2.78403  1.94586
0.421584 2.78404  1.94587
0.421587 2.78405  1.94588
0.42159 2.78406  1.94588
0.421592 2.78408  1.94589
0.421595 2.78409  1.94589
0.421597 2.7841  1.9459
0.4216 2.78411  1.9459
0.421602 2.78412  1.94591
0.421605 2.78414  1.94591
0.421607 2.78415  1.94592
0.42161 2.78416  1.94592
0.421613 2.78417  1.94593
0.421615 2.78419  1.94594
0.421618 2.7842  1.94594
0.42162 2.78421  1.94595
0.421623 2.78422  1.94595
0.421625 2.78424  1.94596
0.421628 2.78425  1.94596
0.421631 2.78426  1.94597
0.421633 2.78427  1.94597
0.421636 2.78428  1.94598
0.421638 2.7843  1.94599
0.421641 2.78431  1.94599
0.421643 2.78432  1.946
0.421646 2.78433  1.946
0.421649 2.78435  1.94601
0.421651 2.78436  1.94601
0.421654 2.78437  1.94602
0.421656 2.78438  1.94602
0.421659 2.7844  1.94603
0.421661 2.78441  1.94603
0.421664 2.78442  1.94604
0.421667 2.78443  1.94605
0.421669 2.78444  1.94605
0.421672 2.78446  1.94606
0.421674 2.78447  1.94606
0.421677 2.78448  1.94607
0.421679 2.78449  1.94607
0.421682 2.78451  1.94608
0.421685 2.78452  1.94608
0.421687 2.78453  1.94609
0.42169 2.78454  1.9461
0.421692 2.78456  1.9461
0.421695 2.78457  1.94611
0.421698 2.78458  1.94611
0.4217 2.78459  1.94612
0.421703 2.7846  1.94612
0.421705 2.78462  1.94613
0.421708 2.78463  1.94613
0.42171 2.78464  1.94614
0.421713 2.78465  1.94614
0.421716 2.78467  1.94615
0.421718 2.78468  1.94616
0.421721 2.78469  1.94616
0.421723 2.7847  1.94617
0.421726 2.78472  1.94617
0.421729 2.78473  1.94618
0.421731 2.78474  1.94618
0.421734 2.78475  1.94619
0.421736 2.78476  1.94619
0.421739 2.78478  1.9462
0.421741 2.78479  1.94621
0.421744 2.7848  1.94621
0.421747 2.78481  1.94622
0.421749 2.78483  1.94622
0.421752 2.78484  1.94623
0.421754 2.78485  1.94623
0.421757 2.78486  1.94624
0.42176 2.78487  1.94624
0.421762 2.78489  1.94625
0.421765 2.7849  1.94625
0.421767 2.78491  1.94626
0.42177 2.78492  1.94627
0.421773 2.78494  1.94627
0.421775 2.78495  1.94628
0.421778 2.78496  1.94628
0.42178 2.78497  1.94629
0.421783 2.78499  1.94629
0.421786 2.785  1.9463
0.421788 2.78501  1.9463
0.421791 2.78502  1.94631
0.421793 2.78503  1.94632
0.421796 2.78505  1.94632
0.421799 2.78506  1.94633
0.421801 2.78507  1.94633
0.421804 2.78508  1.94634
0.421806 2.7851  1.94634
0.421809 2.78511  1.94635
0.421811 2.78512  1.94635
0.421814 2.78513  1.94636
0.421817 2.78515  1.94637
0.421819 2.78516  1.94637
0.421822 2.78517  1.94638
0.421825 2.78518  1.94638
0.421827 2.78519  1.94639
0.42183 2.78521  1.94639
0.421832 2.78522  1.9464
0.421835 2.78523  1.9464
0.421837 2.78524  1.94641
0.42184 2.78526  1.94641
