0.00145084 0.00658179  -1.92864e-06
0.00145394 0.00659529  -1.9119e-06
0.00145701 0.00660879  -1.89867e-06
0.0014601 0.00662225  -1.88466e-06
0.0014632 0.00663573  -1.86741e-06
0.00146627 0.00664924  -1.854e-06
0.00146938 0.0066627  -1.8392e-06
0.00147248 0.00667619  -1.82206e-06
0.00147555 0.0066897  -1.80876e-06
0.00147865 0.00670316  -1.79383e-06
0.00148175 0.00671666  -1.77646e-06
0.00148482 0.00673017  -1.76277e-06
0.00148794 0.00674364  -1.74713e-06
0.00149104 0.00675715  -1.73017e-06
0.0014941 0.00677067  -1.71652e-06
0.00149722 0.00678413  -1.70039e-06
0.00150032 0.00679763  -1.68282e-06
0.0015034 0.00681114  -1.66878e-06
0.00150648 0.00682461  -1.65395e-06
0.0015096 0.00683809  -1.63587e-06
0.00151267 0.00685159  -1.62164e-06
0.00151578 0.00686506  -1.60603e-06
0.00151888 0.00687855  -1.58807e-06
0.00152195 0.00689207  -1.57396e-06
0.00152506 0.00690554  -1.55821e-06
0.00152816 0.00691904  -1.54001e-06
0.00153128 0.00693254  -1.52428e-06
0.00153432 0.00694603  -1.50953e-06
0.00153745 0.00695949  -1.49116e-06
0.00154053 0.00697299  -1.47593e-06
0.00154363 0.00698645  -1.46041e-06
0.001547 0.00815591  3.22881e-07
0.00155006 0.0104804  3.88758e-06
0.00370905 0.0137564  1.13802e-05
0.00752157 0.0171574  2.9517e-05
0.0114203 0.0205624  6.11348e-05
0.0152887 0.0239667  0.000105875
0.0191472 0.0273719  0.0001638
0.0229994 0.0307773  0.000234824
0.0268334 0.0341832  0.000318943
0.0306639 0.0375893  0.000416084
0.0344756 0.0409956  0.000526239
0.0382841 0.0444016  0.00064933
0.0420735 0.0478073  0.000785338
0.0458597 0.0512117  0.00093418
0.0496266 0.0546151  0.00109585
0.0533903 0.0580168  0.00127027
0.0571348 0.0614172  0.00145744
0.0608659 0.0648161  0.00165729
0.0645966 0.0682139  0.00186981
0.0683073 0.0716109  0.002095
0.0720153 0.0750071  0.00233281
0.0757042 0.0784029  0.00258324
0.0793903 0.0817983  0.00284622
0.0830573 0.0851934  0.00312174
0.0867017 0.0885882  0.00340971
0.0903443 0.0919822  0.00371007
0.0939777 0.0953754  0.00402279
0.0976096 0.0987674  0.0043478
0.101222 0.102158  0.00468508
0.104832 0.105547  0.00503454
0.108423 0.108934  0.00539618
0.112011 0.11232  0.0057699
0.11558 0.115704  0.00615574
0.119146 0.119086  0.0065536
0.122713 0.122467  0.00696353
0.12625 0.125846  0.00738552
0.129783 0.129224  0.00781945
0.133318 0.132601  0.00826538
0.136823 0.135976  0.00872326
0.140324 0.13935  0.00919298
0.143826 0.142723  0.00967454
0.147299 0.146095  0.0101679
0.150768 0.149464  0.010673
0.154219 0.152832  0.0111897
0.157667 0.156198  0.0117179
0.161116 0.159562  0.0122578
0.164535 0.162923  0.0128092
0.167951 0.166283  0.013372
0.171368 0.16964  0.0139463
0.174755 0.172996  0.014532
0.178139 0.176349  0.015129
0.181524 0.179701  0.0157375
0.18488 0.183051  0.0163573
0.188232 0.186398  0.0169883
0.191586 0.189744  0.0176306
0.19491 0.193088  0.0182841
0.198231 0.19643  0.0189487
0.201553 0.199769  0.0196245
0.204846 0.203107  0.0203113
0.208136 0.206442  0.021009
0.211407 0.209774  0.0217177
0.214676 0.213104  0.0224372
0.217946 0.216432  0.0231675
0.221187 0.219757  0.0239088
0.224425 0.22308  0.0246607
0.227663 0.2264  0.0254234
0.230873 0.229718  0.0261969
0.23408 0.233033  0.026981
0.237288 0.236346  0.0277758
0.240467 0.239657  0.0285812
0.243643 0.242965  0.0293972
0.24682 0.24627  0.0302236
0.249969 0.249573  0.0310606
0.253114 0.252874  0.0319079
0.25626 0.256171  0.0327656
0.259378 0.259466  0.0336336
0.262493 0.262758  0.0345118
0.265609 0.266047  0.0354003
0.268697 0.269334  0.036299
0.271781 0.272618  0.0372078
0.274866 0.275898  0.0381267
0.277924 0.279177  0.0390558
0.280978 0.282452  0.0399949
0.284033 0.285724  0.0409439
0.28706 0.288994  0.041903
0.290084 0.29226  0.042872
0.293091 0.295524  0.0438509
0.296096 0.298785  0.0448395
0.299101 0.302043  0.045838
0.302078 0.305298  0.0468462
0.305053 0.30855  0.0478641
0.308028 0.311799  0.0488916
0.310976 0.315045  0.0499288
0.31392 0.318288  0.0509755
0.316866 0.321527  0.0520318
0.319784 0.324764  0.0530976
0.322699 0.327997  0.0541728
0.325615 0.331228  0.0552574
0.328505 0.334455  0.0563515
0.33139 0.337679  0.0574548
0.334277 0.3409  0.0585675
0.337137 0.344117  0.0596895
0.339993 0.347332  0.0608206
0.34285 0.350543  0.061961
0.34569 0.353751  0.0631105
0.348527 0.356956  0.0642691
0.351338 0.360158  0.0654367
0.354146 0.363356  0.0666134
0.356955 0.366551  0.067799
0.359737 0.369742  0.0689936
0.362516 0.372931  0.070197
0.365296 0.376115  0.0714093
0.36805 0.379297  0.0726304
0.3708 0.382475  0.0738603
0.373551 0.38565  0.0750989
0.376276 0.388822  0.0763462
0.378998 0.39199  0.0776022
0.381721 0.395154  0.0788668
0.384417 0.398316  0.08014
0.387111 0.401473  0.0814217
0.389805 0.404628  0.0827119
0.392473 0.407779  0.0840107
0.395138 0.410926  0.0853177
0.397804 0.41407  0.0866331
0.400444 0.41721  0.087957
0.403081 0.420347  0.0892891
0.405718 0.423481  0.0906295
0.40833 0.426611  0.0919781
0.410939 0.429737  0.0933349
0.413549 0.43286  0.0946998
0.416133 0.43598  0.096073
0.418714 0.439095  0.0974541
0.421296 0.442208  0.0988433
0.423852 0.445316  0.10024
0.426405 0.448422  0.101646
0.428959 0.451523  0.103059
0.431488 0.454621  0.10448
0.434014 0.457715  0.105908
0.43654 0.460806  0.107345
0.43905 0.463893  0.108789
0.441557 0.466977  0.110242
0.44404 0.470057  0.111701
0.44652 0.473133  0.113169
0.449001 0.476206  0.114644
0.451457 0.479275  0.116127
0.453909 0.48234  0.117617
0.456363 0.485402  0.119115
0.458791 0.48846  0.12062
0.461217 0.491515  0.122133
0.463643 0.494566  0.123653
0.466045 0.497613  0.12518
0.468443 0.500656  0.126715
0.470843 0.503696  0.128257
0.473218 0.506732  0.129807
0.47559 0.509764  0.131363
0.477962 0.512793  0.132927
0.48031 0.515818  0.134498
0.482655 0.51884  0.136076
0.485002 0.521857  0.137661
0.487323 0.524871  0.139253
0.489642 0.527882  0.140852
0.491961 0.530888  0.142459
0.494256 0.533891  0.144072
0.496549 0.536891  0.145692
0.498826 0.539886  0.147319
0.501101 0.542878  0.148952
0.503376 0.545866  0.150593
0.505628 0.548851  0.15224
0.507876 0.551831  0.153894
0.510126 0.554808  0.155555
0.512351 0.557782  0.157222
0.514574 0.560751  0.158896
0.516797 0.563717  0.160577
0.518997 0.566679  0.162264
0.521193 0.569638  0.163957
0.523391 0.572592  0.165658
0.525565 0.575543  0.167364
0.527736 0.578491  0.169077
0.529907 0.581434  0.170797
0.532063 0.584374  0.172523
0.534217 0.58731  0.174255
0.536349 0.590243  0.175993
0.538477 0.593172  0.177738
0.540606 0.596097  0.179489
0.542712 0.599018  0.181246
0.544815 0.601936  0.18301
0.546918 0.60485  0.184779
0.548999 0.60776  0.186555
0.551076 0.610667  0.188336
0.553155 0.61357  0.190124
0.55521 0.616469  0.191918
0.557263 0.619365  0.193717
0.559301 0.622257  0.195523
0.561337 0.625145  0.197334
0.563373 0.628029  0.199152
0.565387 0.63091  0.200975
0.567398 0.633787  0.202804
0.569395 0.636661  0.204639
0.57139 0.639531  0.206479
0.573385 0.642397  0.208326
0.575358 0.64526  0.210178
0.577327 0.648119  0.212035
0.579283 0.650974  0.213898
0.581237 0.653825  0.215767
0.583191 0.656673  0.217642
0.585123 0.659518  0.219522
0.587052 0.662359  0.221407
0.588982 0.665196  0.223298
0.590889 0.668029  0.225194
0.592794 0.670859  0.227096
0.594685 0.673685  0.229003
0.596573 0.676508  0.230916
0.598448 0.679327  0.232834
0.600321 0.682143  0.234757
0.60218 0.684955  0.236685
0.604036 0.687763  0.238619
0.605894 0.690568  0.240558
0.607729 0.693369  0.242502
0.609562 0.696167  0.244451
0.611395 0.698961  0.246405
0.613207 0.701751  0.248365
0.615016 0.704538  0.250329
0.616811 0.707322  0.252298
0.618605 0.710102  0.254273
0.620399 0.712878  0.256252
0.622171 0.715651  0.258237
0.62394 0.71842  0.260226
0.625711 0.721186  0.262221
0.62746 0.723948  0.26422
0.629206 0.726707  0.266224
0.630953 0.729463  0.268232
0.632678 0.732214  0.270246
0.634401 0.734963  0.272264
0.636125 0.737708  0.274287
0.637827 0.740449  0.276315
0.639527 0.743187  0.278348
0.641213 0.745922  0.280385
0.642898 0.748653  0.282427
0.644569 0.751381  0.284473
0.646238 0.754105  0.286524
0.647908 0.756826  0.288579
0.649556 0.759544  0.290639
0.651203 0.762258  0.292704
0.65285 0.764969  0.294773
0.654476 0.767676  0.296846
0.656099 0.77038  0.298924
0.657723 0.773081  0.301006
0.659327 0.775778  0.303093
0.660927 0.778472  0.305184
0.662529 0.781163  0.307279
0.66411 0.78385  0.309378
0.665688 0.786534  0.311482
0.667267 0.789215  0.31359
0.668826 0.791892  0.315702
0.670381 0.794566  0.317819
0.671938 0.797237  0.319939
0.673474 0.799904  0.322064
0.675008 0.802569  0.324193
0.676542 0.80523  0.326325
0.678057 0.807888  0.328462
0.679568 0.810542  0.330603
0.68108 0.813193  0.332748
0.682572 0.815842  0.334897
0.684062 0.818487  0.33705
0.685552 0.821128  0.339207
0.687029 0.823767  0.341368
0.688504 0.826402  0.343533
0.68996 0.829034  0.345702
0.691413 0.831663  0.347874
0.692854 0.834289  0.35005
0.694293 0.836912  0.35223
0.695732 0.839532  0.354414
0.697152 0.842148  0.356602
0.698569 0.844762  0.358793
0.699987 0.847372  0.360988
0.701385 0.849979  0.363187
0.702781 0.852583  0.365389
0.704177 0.855184  0.367595
0.705554 0.857783  0.369805
0.706928 0.860378  0.372018
0.708303 0.86297  0.374235
0.709659 0.865559  0.376455
0.711012 0.868145  0.378679
0.712366 0.870728  0.380906
0.7137 0.873308  0.383137
0.715033 0.875885  0.385371
0.716365 0.878459  0.387609
0.717679 0.88103  0.38985
0.71899 0.883598  0.392094
0.720289 0.886163  0.394342
0.721586 0.888726  0.396593
0.722884 0.891285  0.398848
0.724163 0.893841  0.401106
0.72544 0.896395  0.403367
0.726704 0.898946  0.405631
0.727967 0.901494  0.407899
0.729231 0.904039  0.41017
0.730481 0.906581  0.412444
0.731731 0.90912  0.414721
0.732962 0.911657  0.417001
0.73419 0.914191  0.419285
0.735419 0.916722  0.421572
0.73663 0.91925  0.423861
0.737838 0.921775  0.426154
0.739047 0.924298  0.42845
0.740237 0.926818  0.430749
0.741425 0.929335  0.433051
0.742602 0.93185  0.435356
0.743776 0.934362  0.437664
0.744939 0.936871  0.439974
0.7461 0.939377  0.442288
0.74725 0.941881  0.444605
0.748398 0.944382  0.446924
0.749547 0.94688  0.449247
0.750677 0.949376  0.451572
0.751805 0.951869  0.4539
0.752934 0.95436  0.456231
0.754044 0.956848  0.458565
0.755153 0.959333  0.460901
0.756262 0.961816  0.46324
0.757353 0.964296  0.465582
0.758441 0.966774  0.467927
0.75953 0.969249  0.470274
0.760602 0.971722  0.472624
0.761671 0.974192  0.474977
0.762741 0.976659  0.477332
0.763793 0.979125  0.47969
0.764842 0.981587  0.482051
0.765893 0.984047  0.484414
0.766925 0.986505  0.48678
0.767955 0.98896  0.489148
0.768975 0.991413  0.491519
0.769992 0.993864  0.493892
0.771011 0.996312  0.496268
0.772011 0.998757  0.498647
0.77301 1.0012  0.501027
0.774009 1.00364  0.503411
0.774991 1.00608  0.505796
0.77597 1.00852  0.508184
0.77695 1.01095  0.510575
0.777913 1.01338  0.512968
0.778874 1.01581  0.515363
0.779835 1.01824  0.51776
0.780779 1.02066  0.52016
0.781721 1.02309  0.522562
0.782652 1.02551  0.524967
0.783581 1.02792  0.527373
0.784511 1.03034  0.529782
0.785424 1.03275  0.532193
0.786335 1.03516  0.534607
0.787247 1.03757  0.537022
0.788141 1.03998  0.53944
0.789033 1.04238  0.54186
0.789926 1.04479  0.544282
0.790802 1.04719  0.546706
0.791676 1.04959  0.549133
0.79254 1.05198  0.551561
0.793402 1.05438  0.553991
0.794264 1.05677  0.556424
0.79511 1.05916  0.558859
0.795954 1.06155  0.561295
0.796798 1.06393  0.563734
0.797626 1.06632  0.566175
0.798451 1.0687  0.568617
0.799266 1.07108  0.571062
0.80008 1.07346  0.573508
0.800894 1.07583  0.575957
0.801692 1.07821  0.578407
0.802488 1.08058  0.58086
0.803284 1.08295  0.583314
0.804064 1.08532  0.58577
0.804842 1.08768  0.588228
0.805621 1.09005  0.590688
0.806383 1.09241  0.593149
0.807143 1.09477  0.595613
0.807893 1.09713  0.598078
0.808642 1.09949  0.600545
0.809391 1.10184  0.603014
0.810124 1.1042  0.605484
0.810855 1.10655  0.607957
0.811587 1.1089  0.610431
0.812303 1.11124  0.612906
0.813016 1.11359  0.615384
0.81372 1.11593  0.617863
0.814422 1.11828  0.620344
0.815115 1.12062  0.622826
0.815806 1.12296  0.62531
0.816486 1.12529  0.627796
0.817161 1.12763  0.630283
0.817835 1.12996  0.632772
0.818498 1.1323  0.635262
0.819161 1.13463  0.637754
0.819813 1.13696  0.640247
0.820464 1.13928  0.642742
0.821116 1.14161  0.645239
0.821752 1.14394  0.647737
0.822386 1.14626  0.650236
0.823011 1.14858  0.652737
0.823634 1.1509  0.65524
0.824257 1.15322  0.657744
0.824865 1.15553  0.660249
0.825471 1.15785  0.662756
0.826078 1.16016  0.665264
0.826669 1.16247  0.667773
0.827259 1.16478  0.670284
0.827849 1.16709  0.672796
0.828424 1.1694  0.67531
0.828997 1.17171  0.677825
0.82957 1.17401  0.680341
0.830129 1.17632  0.682859
0.830685 1.17862  0.685378
0.831243 1.18092  0.687898
0.831785 1.18322  0.690419
0.832325 1.18552  0.692942
0.832865 1.18781  0.695466
0.833391 1.19011  0.697991
0.833915 1.1924  0.700518
0.83444 1.19469  0.703045
0.834954 1.19698  0.705574
0.835468 1.19927  0.708104
0.835967 1.20156  0.710635
0.836463 1.20385  0.713168
0.836961 1.20614  0.715701
0.837444 1.20842  0.718236
0.837925 1.21071  0.720772
0.838407 1.21299  0.723308
0.838873 1.21527  0.725846
0.839339 1.21755  0.728385
0.839795 1.21983  0.730925
0.840249 1.22211  0.733466
0.840704 1.22438  0.736008
0.841145 1.22666  0.738552
0.841584 1.22893  0.741096
0.842014 1.23121  0.743641
0.842443 1.23348  0.746187
0.842862 1.23575  0.748734
0.84328 1.23802  0.751282
0.843699 1.24029  0.753831
0.844103 1.24256  0.756381
0.844506 1.24482  0.758932
0.844909 1.24709  0.761484
0.845298 1.24935  0.764037
0.845685 1.25162  0.76659
0.846073 1.25388  0.769145
0.846446 1.25614  0.7717
0.846818 1.2584  0.774257
0.84719 1.26066  0.776814
0.847549 1.26292  0.779372
0.847905 1.26518  0.78193
0.848263 1.26744  0.78449
0.848606 1.26969  0.78705
0.848947 1.27195  0.789611
0.849289 1.2742  0.792173
0.849617 1.27646  0.794736
0.849943 1.27871  0.797299
0.850261 1.28096  0.799863
0.850578 1.28322  0.802428
0.850894 1.28547  0.804994
0.851198 1.28772  0.80756
0.851499 1.28996  0.810127
0.851801 1.29221  0.812695
0.852089 1.29446  0.815263
0.852376 1.29671  0.817832
0.852663 1.29895  0.820402
0.852937 1.3012  0.822972
0.853209 1.30344  0.825543
0.853481 1.30569  0.828114
0.85374 1.30793  0.830687
0.853997 1.31017  0.833259
0.854255 1.31241  0.835833
0.854499 1.31466  0.838407
0.854742 1.3169  0.840981
0.854985 1.31914  0.843556
0.855219 1.32138  0.846131
0.855452 1.32362  0.848707
0.855672 1.32585  0.851284
0.855891 1.32809  0.853861
0.856101 1.33033  0.856439
0.85631 1.33256  0.859017
0.856519 1.3348  0.861595
0.856715 1.33704  0.864174
0.85691 1.33927  0.866754
0.857105 1.34151  0.869333
0.857287 1.34374  0.871914
0.857468 1.34597  0.874494
0.857648 1.34821  0.877075
0.857816 1.35044  0.879657
0.857983 1.35267  0.882239
0.858149 1.3549  0.884821
0.858303 1.35714  0.887404
0.858455 1.35937  0.889987
0.858608 1.3616  0.89257
0.858748 1.36383  0.895154
0.858886 1.36606  0.897738
0.859024 1.36829  0.900322
0.85915 1.37052  0.902907
0.859275 1.37275  0.905491
0.859391 1.37497  0.908077
0.859506 1.3772  0.910662
0.859613 1.37943  0.913248
0.859719 1.38166  0.915834
0.859817 1.38389  0.91842
0.859914 1.38611  0.921006
0.860003 1.38834  0.923593
0.860091 1.39057  0.92618
0.860171 1.39279  0.928767
0.860249 1.39502  0.931354
0.860328 1.39725  0.933941
0.860395 1.39947  0.936529
0.86046 1.4017  0.939116
0.860525 1.40392  0.941704
0.860578 1.40615  0.944292
0.86063 1.40838  0.94688
0.860682 1.4106  0.949469
0.860726 1.41283  0.952057
0.860768 1.41505  0.954645
0.860799 1.41728  0.957234
0.860828 1.4195  0.959823
0.86085 1.42173  0.962411
0.86087 1.42395  0.965
0.860883 1.42618  0.967589
0.860894 1.4284  0.970178
0.860906 1.43063  0.972766
0.860906 1.43285  0.975355
0.860904 1.43507  0.977944
0.860894 1.4373  0.980533
0.860884 1.43952  0.983122
0.860874 1.44175  0.985711
0.860852 1.44397  0.9883
0.860828 1.4462  0.990888
0.860805 1.44842  0.993477
0.86077 1.45065  0.996066
0.860733 1.45287  0.998654
0.860697 1.4551  1.00124
0.860648 1.45732  1.00383
0.860599 1.45955  1.00642
0.860541 1.46178  1.00901
0.860483 1.464  1.0116
0.860425 1.46623  1.01418
0.860355 1.46845  1.01677
0.860284 1.47068  1.01936
0.860213 1.47291  1.02195
0.860131 1.47513  1.02453
0.860047 1.47736  1.02712
0.859963 1.47959  1.02971
0.859868 1.48182  1.0323
0.859771 1.48404  1.03488
0.859675 1.48627  1.03747
0.859567 1.4885  1.04005
0.859457 1.49073  1.04264
0.85934 1.49296  1.04523
0.859223 1.49519  1.04781
0.859105 1.49741  1.0504
0.858976 1.49964  1.05298
0.858845 1.50187  1.05557
0.858715 1.5041  1.05815
0.858574 1.50634  1.06073
0.858431 1.50857  1.06332
0.858288 1.5108  1.0659
0.858134 1.51303  1.06848
0.857978 1.51526  1.07107
0.857816 1.5175  1.07365
0.857652 1.51973  1.07623
0.857488 1.52196  1.07881
0.857314 1.5242  1.0814
0.857137 1.52643  1.08398
0.856958 1.52867  1.08656
0.856778 1.5309  1.08914
0.856586 1.53314  1.09172
0.856394 1.53537  1.0943
0.856201 1.53761  1.09687
0.855998 1.53985  1.09945
0.855793 1.54209  1.10203
0.855588 1.54432  1.10461
0.855372 1.54656  1.10719
0.855155 1.5488  1.10976
0.854938 1.55104  1.11234
0.85471 1.55328  1.11491
0.854481 1.55552  1.11749
0.854252 1.55777  1.12006
0.854012 1.56001  1.12264
0.85377 1.56225  1.12521
0.853522 1.5645  1.12779
0.853272 1.56674  1.13036
0.853023 1.56899  1.13293
0.852763 1.57123  1.1355
0.852501 1.57348  1.13807
0.85224 1.57572  1.14064
0.851968 1.57797  1.14321
0.851694 1.58022  1.14578
0.851421 1.58247  1.14835
0.851136 1.58472  1.15092
0.850851 1.58697  1.15348
0.850566 1.58922  1.15605
0.850269 1.59147  1.15862
0.849972 1.59373  1.16118
0.849675 1.59598  1.16375
0.849367 1.59823  1.16631
0.849057 1.60049  1.16887
0.848748 1.60275  1.17144
0.848428 1.605  1.174
0.848107 1.60726  1.17656
0.847786 1.60952  1.17912
0.847454 1.61178  1.18168
0.847121 1.61404  1.18424
0.846788 1.6163  1.1868
0.846444 1.61856  1.18935
0.846099 1.62082  1.19191
0.845748 1.62309  1.19447
0.845395 1.62535  1.19702
0.845043 1.62762  1.19957
0.84468 1.62988  1.20213
0.844315 1.63215  1.20468
0.843951 1.63442  1.20723
0.843576 1.63669  1.20978
0.8432 1.63896  1.21233
0.842824 1.64123  1.21488
0.842438 1.6435  1.21743
0.84205 1.64578  1.21998
0.841662 1.64805  1.22253
0.841264 1.65033  1.22507
0.840865 1.6526  1.22762
0.840466 1.65488  1.23016
0.840056 1.65716  1.2327
0.839645 1.65944  1.23525
0.839234 1.66172  1.23779
0.838813 1.664  1.24033
0.83839 1.66628  1.24287
0.837968 1.66856  1.2454
0.837535 1.67085  1.24794
0.837101 1.67313  1.25048
0.836667 1.67542  1.25301
0.836222 1.67771  1.25555
0.835777 1.68  1.25808
0.835324 1.68229  1.26061
0.834871 1.68458  1.26315
0.834418 1.68687  1.26568
0.833954 1.68917  1.26821
0.833489 1.69146  1.27073
0.833025 1.69376  1.27326
0.83255 1.69605  1.27579
0.832073 1.69835  1.27831
0.831597 1.70065  1.28084
0.83111 1.70295  1.28336
0.830623 1.70526  1.28588
0.830135 1.70756  1.2884
0.829637 1.70986  1.29092
0.829138 1.71217  1.29344
0.828639 1.71448  1.29596
0.828129 1.71678  1.29847
0.827618 1.71909  1.30099
0.827108 1.72141  1.3035
0.826587 1.72372  1.30601
0.826065 1.72603  1.30852
0.825543 1.72835  1.31103
0.82501 1.73066  1.31354
0.824477 1.73298  1.31605
0.823943 1.7353  1.31856
0.823399 1.73762  1.32106
0.822854 1.73994  1.32357
0.82231 1.74226  1.32607
0.821754 1.74459  1.32857
0.821198 1.74691  1.33107
0.820635 1.74924  1.33357
0.82007 1.75157  1.33607
0.819507 1.7539  1.33856
0.818932 1.75623  1.34106
0.818357 1.75856  1.34355
0.817775 1.7609  1.34604
0.817192 1.76323  1.34853
0.816609 1.76557  1.35102
0.816016 1.76791  1.35351
0.815421 1.77025  1.356
0.814827 1.77259  1.35848
0.814222 1.77493  1.36097
0.813616 1.77728  1.36345
0.813011 1.77963  1.36593
0.812395 1.78197  1.36841
0.811777 1.78432  1.37089
0.811153 1.78667  1.37336
0.810528 1.78903  1.37584
0.809904 1.79138  1.37831
0.809268 1.79373  1.38079
0.808632 1.79609  1.38326
0.807996 1.79845  1.38573
0.807349 1.80081  1.38819
0.806701 1.80317  1.39066
0.806054 1.80554  1.39313
0.805396 1.8079  1.39559
0.804736 1.81027  1.39805
0.804077 1.81264  1.40051
0.803408 1.815  1.40297
0.802737 1.81738  1.40543
0.802066 1.81975  1.40788
0.801385 1.82212  1.41034
0.800702 1.8245  1.41279
0.80002 1.82688  1.41524
0.799328 1.82926  1.41769
0.798634 1.83164  1.42013
0.79794 1.83402  1.42258
0.797236 1.83641  1.42502
0.79653 1.8388  1.42747
0.795818 1.84118  1.42991
0.795105 1.84357  1.43235
0.794392 1.84597  1.43478
0.793668 1.84836  1.43722
0.792943 1.85076  1.43965
0.792219 1.85315  1.44209
0.791484 1.85555  1.44452
0.790747 1.85795  1.44694
0.790011 1.86036  1.44937
0.789264 1.86276  1.4518
0.788516 1.86517  1.45422
0.787768 1.86757  1.45664
0.787009 1.86998  1.45906
0.786249 1.8724  1.46148
0.78549 1.87481  1.46389
0.784719 1.87722  1.46631
0.783947 1.87964  1.46872
0.783176 1.88206  1.47113
0.782394 1.88448  1.47354
0.78161 1.8869  1.47595
0.78082 1.88933  1.47835
0.780028 1.89176  1.48075
0.77923 1.89418  1.48316
0.778431 1.89662  1.48555
0.777632 1.89905  1.48795
0.776822 1.90148  1.49035
0.77601 1.90392  1.49274
0.7752 1.90636  1.49513
0.774378 1.9088  1.49752
0.773554 1.91124  1.49991
0.772731 1.91368  1.50229
0.771897 1.91613  1.50468
0.771062 1.91858  1.50706
0.770227 1.92103  1.50944
0.769381 1.92348  1.51181
0.768533 1.92593  1.51419
0.767686 1.92839  1.51656
0.766828 1.93085  1.51893
0.765968 1.93331  1.5213
0.765102 1.93577  1.52367
0.764234 1.93824  1.52603
0.763366 1.9407  1.52839
0.762488 1.94317  1.53075
0.761607 1.94564  1.53311
0.760728 1.94811  1.53547
0.759837 1.95059  1.53782
0.758944 1.95307  1.54017
0.758052 1.95554  1.54252
0.757148 1.95803  1.54487
0.756243 1.96051  1.54721
0.755339 1.96299  1.54956
0.754422 1.96548  1.5519
0.753505 1.96797  1.55423
0.752588 1.97046  1.55657
0.751659 1.97296  1.5589
0.750728 1.97545  1.56124
0.749799 1.97795  1.56356
0.748857 1.98045  1.56589
0.747914 1.98295  1.56821
0.746971 1.98546  1.57054
0.746017 1.98797  1.57286
0.745061 1.99048  1.57517
0.744106 1.99299  1.57749
0.743138 1.9955  1.5798
0.742169 1.99802  1.58211
0.741201 2.00053  1.58442
0.740221 2.00306  1.58672
0.739239 2.00558  1.58902
0.738257 2.0081  1.59132
0.737263 2.01063  1.59362
0.736268 2.01316  1.59592
0.735266 2.01569  1.59821
0.734262 2.01823  1.6005
0.733258 2.02076  1.60279
0.732242 2.0233  1.60507
0.731225 2.02584  1.60735
0.730208 2.02839  1.60963
0.729179 2.03093  1.61191
0.728148 2.03348  1.61418
0.727117 2.03603  1.61646
0.726075 2.03858  1.61873
0.72503 2.04114  1.62099
0.723986 2.0437  1.62326
0.722929 2.04626  1.62552
0.721871 2.04882  1.62778
0.720813 2.05138  1.63003
0.719742 2.05395  1.63228
0.71867 2.05652  1.63454
0.717598 2.05909  1.63678
0.716513 2.06167  1.63903
0.715427 2.06424  1.64127
0.714341 2.06682  1.64351
0.713242 2.0694  1.64575
0.712141 2.07199  1.64798
0.711041 2.07457  1.65021
0.709928 2.07716  1.65244
0.708812 2.07976  1.65466
0.707698 2.08235  1.65688
0.70657 2.08495  1.6591
0.70544 2.08755  1.66132
0.704302 2.09015  1.66353
0.703162 2.09275  1.66574
0.702023 2.09536  1.66795
0.700871 2.09797  1.67016
0.699716 2.10058  1.67236
0.698562 2.10319  1.67456
0.697394 2.10581  1.67675
0.696225 2.10843  1.67894
0.695056 2.11105  1.68113
0.693873 2.11368  1.68332
0.692688 2.1163  1.6855
0.691503 2.11893  1.68768
0.690305 2.12157  1.68986
0.689104 2.1242  1.69203
0.687904 2.12684  1.6942
0.68669 2.12948  1.69637
0.685474 2.13212  1.69854
0.684258 2.13477  1.7007
0.683028 2.13742  1.70285
0.681796 2.14007  1.70501
0.680564 2.14272  1.70716
0.679317 2.14538  1.70931
0.678069 2.14803  1.71145
0.676821 2.1507  1.71359
0.675558 2.15336  1.71573
0.674293 2.15603  1.71787
0.673029 2.1587  1.72
0.671749 2.16137  1.72213
0.670467 2.16404  1.72425
0.669186 2.16672  1.72637
0.66789 2.1694  1.72849
0.666591 2.17209  1.7306
0.665282 2.17477  1.73271
0.663972 2.17746  1.73482
0.662652 2.18015  1.73692
0.661331 2.18285  1.73902
0.659999 2.18554  1.74112
0.658666 2.18824  1.74321
0.657333 2.19095  1.7453
0.655984 2.19365  1.74739
0.654632 2.19636  1.74947
0.653282 2.19907  1.75155
0.651915 2.20179  1.75362
0.650545 2.2045  1.75569
0.649165 2.20722  1.75776
0.647784 2.20995  1.75983
0.646402 2.21267  1.76189
0.645004 2.2154  1.76394
0.643604 2.21813  1.76599
0.642204 2.22087  1.76804
0.640787 2.2236  1.77009
0.639367 2.22634  1.77213
0.637948 2.22908  1.77416
0.636511 2.23183  1.7762
0.635072 2.23458  1.77823
0.633634 2.23733  1.78025
0.632177 2.24009  1.78227
0.630718 2.24284  1.78429
0.62926 2.2456  1.7863
0.627783 2.24837  1.78831
0.626303 2.25113  1.79032
0.624825 2.2539  1.79232
0.623327 2.25668  1.79431
0.621827 2.25945  1.79631
0.620328 2.26223  1.79829
0.618809 2.26501  1.80028
0.617288 2.26779  1.80226
0.615767 2.27058  1.80423
0.614227 2.27337  1.8062
0.612684 2.27617  1.80817
0.611128 2.27896  1.81013
0.609571 2.28176  1.81209
0.608014 2.28456  1.81405
0.606437 2.28737  1.816
0.604857 2.29018  1.81794
0.603278 2.29299  1.81988
0.601678 2.29581  1.82182
0.600075 2.29862  1.82375
0.598473 2.30145  1.82568
0.596849 2.30427  1.8276
0.595223 2.3071  1.82952
0.593597 2.30993  1.83143
0.591949 2.31276  1.83334
0.590299 2.3156  1.83525
0.588649 2.31844  1.83715
0.586977 2.32128  1.83904
0.585302 2.32413  1.84093
0.583628 2.32698  1.84282
0.58193 2.32983  1.8447
0.58023 2.33269  1.84658
0.578531 2.33554  1.84845
0.576807 2.33841  1.85031
0.575081 2.34127  1.85217
0.573356 2.34414  1.85403
0.571606 2.34701  1.85588
0.569853 2.34989  1.85773
0.568085 2.35277  1.85957
0.566314 2.35565  1.86141
0.564527 2.35853  1.86324
0.562738 2.36142  1.86506
0.56095 2.36431  1.86688
0.559136 2.36721  1.8687
0.557319 2.37011  1.87051
0.555502 2.37301  1.87231
0.553659 2.37591  1.87411
0.551813 2.37882  1.87591
0.54995 2.38173  1.8777
0.548084 2.38465  1.87948
0.546218 2.38757  1.88126
0.544326 2.39049  1.88303
0.542429 2.39341  1.8848
0.540534 2.39634  1.88656
0.53861 2.39927  1.88832
0.536682 2.40221  1.89007
0.534755 2.40515  1.89181
0.532799 2.40809  1.89355
0.530839 2.41103  1.89528
0.52888 2.41398  1.89701
0.52689 2.41693  1.89873
0.524897 2.41989  1.90045
0.522904 2.42285  1.90216
0.52088 2.42581  1.90386
0.518853 2.42878  1.90556
0.516826 2.43175  1.90725
0.514767 2.43472  1.90894
0.512704 2.4377  1.91062
0.510642 2.44068  1.91229
0.508546 2.44366  1.91396
0.506446 2.44665  1.91562
0.504348 2.44964  1.91728
0.502214 2.45263  1.91893
0.500077 2.45563  1.92057
0.497917 2.45863  1.9222
0.495753 2.46163  1.92383
0.493591 2.46464  1.92546
0.491392 2.46765  1.92707
0.489189 2.47067  1.92868
0.486987 2.47369  1.93029
0.484748 2.47671  1.93188
0.482503 2.47973  1.93347
0.48026 2.48276  1.93506
0.477977 2.4858  1.93663
0.47569 2.48883  1.9382
0.473404 2.49187  1.93976
0.471077 2.49492  1.94132
0.468745 2.49796  1.94287
0.466415 2.50102  1.94441
0.464042 2.50407  1.94594
0.461664 2.50713  1.94747
0.459288 2.51019  1.94899
0.456867 2.51326  1.9505
0.454441 2.51633  1.952
0.452017 2.5194  1.9535
0.449547 2.52248  1.95499
0.447071 2.52556  1.95647
0.444597 2.52864  1.95795
0.442075 2.53173  1.95941
0.439548 2.53482  1.96087
0.437022 2.53792  1.96233
0.434447 2.54101  1.96377
0.431865 2.54412  1.9652
0.429252 2.54722  1.96663
0.426634 2.55033  1.96805
0.424017 2.55345  1.96946
0.421348 2.55657  1.97086
0.418672 2.55969  1.97226
0.415999 2.56281  1.97365
0.41327 2.56594  1.97502
0.410533 2.56907  1.97639
0.4078 2.57221  1.97775
0.405008 2.57535  1.97911
0.402209 2.5785  1.98045
0.399412 2.58164  1.98178
0.396555 2.5848  1.98311
0.39369 2.58795  1.98443
0.390828 2.59111  1.98573
0.387902 2.59427  1.98703
0.384968 2.59744  1.98832
0.382037 2.60061  1.9896
0.379039 2.60379  1.99087
0.376033 2.60696  1.99213
0.373029 2.61015  1.99338
0.369956 2.61333  1.99463
0.366874 2.61652  1.99586
0.363795 2.61972  1.99708
0.360642 2.62291  1.99829
0.35748 2.62612  1.9995
0.354271 2.62932  2.00069
0.351054 2.63253  2.00187
0.34784 2.63574  2.00304
0.344547 2.63896  2.0042
0.341244 2.64218  2.00535
0.337944 2.64541  2.00649
0.334561 2.64864  2.00762
0.331166 2.65187  2.00874
0.327775 2.6551  2.00985
0.324295 2.65834  2.01094
0.320804 2.66159  2.01203
0.317316 2.66484  2.0131
0.313734 2.66809  2.01416
0.31014 2.67134  2.01522
0.30655 2.6746  2.01625
0.302861 2.67787  2.01728
0.299158 2.68113  2.0183
0.29546 2.6844  2.0193
0.291656 2.68768  2.02029
0.287838 2.69096  2.02127
0.284025 2.69424  2.02223
0.280099 2.69752  2.02319
0.276159 2.70081  2.02413
0.272223 2.70411  2.02505
0.268168 2.70741  2.02597
0.264097 2.71071  2.02687
0.260031 2.71401  2.02776
0.255963 2.71732  2.02863
0.251896 2.72063  2.02949
0.253673 2.72267  2.03002
0.256253 2.72362  2.03026
0.256459 2.72364  2.03027
0.256414 2.72366  2.03027
0.256431 2.72367  2.03028
0.256428 2.72368  2.03028
0.256431 2.72369  2.03028
0.256432 2.72371  2.03029
0.256434 2.72372  2.03029
0.256436 2.72373  2.03029
0.256437 2.72374  2.03029
0.256439 2.72375  2.0303
0.25644 2.72376  2.0303
0.256442 2.72378  2.0303
0.256443 2.72379  2.03031
0.256445 2.7238  2.03031
0.256447 2.72382  2.03032
0.256448 2.72383  2.03032
0.25645 2.72385  2.03032
0.256452 2.72386  2.03033
0.256454 2.72388  2.03033
0.256456 2.72389  2.03033
0.256458 2.7239  2.03034
0.256459 2.72391  2.03034
0.256461 2.72393  2.03034
0.256463 2.72394  2.03035
0.256464 2.72395  2.03035
0.256466 2.72396  2.03035
0.256468 2.72397  2.03035
0.256469 2.72399  2.03036
0.256471 2.724  2.03036
0.256473 2.72402  2.03037
0.256475 2.72403  2.03037
0.256477 2.72404  2.03037
0.256478 2.72406  2.03038
0.25648 2.72407  2.03038
0.256482 2.72408  2.03038
0.256484 2.7241  2.03039
0.256486 2.72411  2.03039
0.256488 2.72412  2.03039
0.256489 2.72413  2.0304
0.256491 2.72415  2.0304
0.256493 2.72416  2.0304
0.256495 2.72417  2.03041
0.256496 2.72419  2.03041
0.256498 2.7242  2.03041
0.2565 2.72421  2.03042
0.256502 2.72423  2.03042
0.256504 2.72424  2.03042
0.256506 2.72425  2.03043
0.256507 2.72427  2.03043
0.256509 2.72428  2.03043
0.256511 2.72429  2.03044
0.256513 2.7243  2.03044
0.256515 2.72432  2.03044
0.256517 2.72433  2.03045
0.256519 2.72434  2.03045
0.25652 2.72436  2.03045
0.256522 2.72437  2.03046
0.256524 2.72438  2.03046
0.256526 2.7244  2.03046
0.256528 2.72441  2.03047
0.25653 2.72442  2.03047
0.256532 2.72443  2.03047
0.256534 2.72445  2.03048
0.256536 2.72446  2.03048
0.256537 2.72447  2.03048
0.256539 2.72449  2.03049
0.256541 2.7245  2.03049
0.256543 2.72451  2.03049
0.256545 2.72453  2.0305
0.256547 2.72454  2.0305
0.256549 2.72455  2.0305
0.256551 2.72456  2.03051
0.256553 2.72458  2.03051
0.256555 2.72459  2.03051
0.256556 2.7246  2.03052
0.256558 2.72462  2.03052
0.25656 2.72463  2.03052
0.256562 2.72464  2.03053
0.256564 2.72466  2.03053
0.256566 2.72467  2.03053
0.256568 2.72468  2.03054
0.25657 2.7247  2.03054
0.256572 2.72471  2.03054
0.256574 2.72472  2.03055
0.256576 2.72473  2.03055
0.256578 2.72475  2.03055
0.25658 2.72476  2.03056
0.256582 2.72477  2.03056
0.256584 2.72479  2.03056
0.256585 2.7248  2.03057
0.256587 2.72481  2.03057
0.256589 2.72483  2.03057
0.256591 2.72484  2.03058
0.256593 2.72485  2.03058
0.256595 2.72487  2.03058
0.256597 2.72488  2.03059
0.256599 2.72489  2.03059
0.256601 2.7249  2.03059
0.256603 2.72492  2.0306
0.256605 2.72493  2.0306
0.256607 2.72494  2.0306
0.256609 2.72496  2.03061
0.256611 2.72497  2.03061
0.256613 2.72498  2.03061
0.256615 2.725  2.03062
0.256617 2.72501  2.03062
0.256619 2.72502  2.03062
0.256621 2.72503  2.03063
0.256623 2.72505  2.03063
0.256625 2.72506  2.03063
0.256627 2.72507  2.03064
0.256629 2.72509  2.03064
0.256631 2.7251  2.03064
0.256633 2.72511  2.03065
0.256635 2.72513  2.03065
0.256637 2.72514  2.03066
0.256639 2.72515  2.03066
0.256641 2.72516  2.03066
0.256643 2.72518  2.03067
0.256645 2.72519  2.03067
0.256647 2.7252  2.03067
0.256649 2.72522  2.03068
0.256651 2.72523  2.03068
0.256653 2.72524  2.03068
0.256655 2.72526  2.03069
0.256657 2.72527  2.03069
0.256659 2.72528  2.03069
0.256661 2.7253  2.0307
0.256663 2.72531  2.0307
0.256665 2.72532  2.0307
0.256667 2.72533  2.03071
0.256669 2.72535  2.03071
0.256671 2.72536  2.03071
0.256673 2.72537  2.03072
0.256675 2.72539  2.03072
0.256677 2.7254  2.03072
0.256679 2.72541  2.03073
0.256681 2.72543  2.03073
0.256683 2.72544  2.03073
0.256685 2.72545  2.03074
0.256687 2.72546  2.03074
0.256689 2.72548  2.03074
0.256691 2.72549  2.03075
0.256693 2.7255  2.03075
0.256695 2.72552  2.03075
0.256697 2.72553  2.03076
0.256699 2.72554  2.03076
0.256701 2.72556  2.03076
0.256703 2.72557  2.03077
0.256705 2.72558  2.03077
0.256707 2.72559  2.03077
0.256709 2.72561  2.03078
0.256711 2.72562  2.03078
0.256713 2.72563  2.03078
0.256715 2.72565  2.03079
0.256717 2.72566  2.03079
0.256719 2.72567  2.03079
0.256721 2.72569  2.0308
0.256723 2.7257  2.0308
0.256725 2.72571  2.0308
0.256727 2.72572  2.03081
0.256729 2.72574  2.03081
0.256731 2.72575  2.03081
0.256733 2.72576  2.03082
0.256735 2.72578  2.03082
0.256737 2.72579  2.03082
0.256739 2.7258  2.03083
0.256741 2.72582  2.03083
0.256744 2.72583  2.03084
0.256746 2.72584  2.03084
0.256748 2.72585  2.03084
0.25675 2.72587  2.03085
0.256752 2.72588  2.03085
0.256754 2.72589  2.03085
0.256756 2.72591  2.03086
0.256758 2.72592  2.03086
0.25676 2.72593  2.03086
0.256762 2.72595  2.03087
0.256764 2.72596  2.03087
0.256766 2.72597  2.03087
0.256768 2.72598  2.03088
0.25677 2.726  2.03088
0.256772 2.72601  2.03088
0.256774 2.72602  2.03089
0.256776 2.72604  2.03089
0.256778 2.72605  2.03089
0.25678 2.72606  2.0309
0.256782 2.72608  2.0309
0.256785 2.72609  2.0309
0.256787 2.7261  2.03091
0.256789 2.72612  2.03091
0.256791 2.72613  2.03091
0.256793 2.72614  2.03092
0.256795 2.72615  2.03092
0.256797 2.72617  2.03092
0.256799 2.72618  2.03093
0.256801 2.72619  2.03093
0.256803 2.72621  2.03093
0.256805 2.72622  2.03094
0.256807 2.72623  2.03094
0.256809 2.72625  2.03094
0.256811 2.72626  2.03095
0.256813 2.72627  2.03095
0.256815 2.72628  2.03095
0.256817 2.7263  2.03096
0.25682 2.72631  2.03096
0.256822 2.72632  2.03096
0.256824 2.72634  2.03097
0.256826 2.72635  2.03097
0.256828 2.72636  2.03097
