0.00195683 0.00878023  1.187e-06
0.00195995 0.00879374  1.21174e-06
0.00196304 0.00880725  1.23319e-06
0.00196618 0.00882071  1.25687e-06
0.00196929 0.00883421  1.28184e-06
0.00197243 0.00884772  1.30472e-06
0.00197551 0.00886119  1.32711e-06
0.00197865 0.00887466  1.35297e-06
0.00198174 0.00888816  1.37496e-06
0.00198488 0.00890161  1.39838e-06
0.00198801 0.0089151  1.42412e-06
0.00199109 0.00892861  1.44599e-06
0.00199422 0.00894207  1.46953e-06
0.00199735 0.00895556  1.4955e-06
0.00200044 0.00896907  1.51774e-06
0.00200359 0.00898253  1.54202e-06
0.00200671 0.00899603  1.56751e-06
0.0020098 0.00900955  1.58971e-06
0.00201294 0.009023  1.61443e-06
0.00201606 0.0090365  1.64057e-06
0.00201917 0.00905  1.66314e-06
0.00202228 0.00906346  1.68651e-06
0.00202542 0.00907694  1.71317e-06
0.00202851 0.00909044  1.7359e-06
0.00203165 0.0091039  1.76007e-06
0.00203478 0.00911739  1.78656e-06
0.00203787 0.0091309  1.80918e-06
0.002041 0.00914436  1.83348e-06
0.00204413 0.00915786  1.86019e-06
0.00204722 0.00917137  1.88318e-06
0.00205036 0.00918486  1.90785e-06
0.00205348 0.00919831  1.93468e-06
0.00205659 0.00921181  1.95832e-06
0.00205971 0.00922527  1.98233e-06
0.00206285 0.00923875  2.00953e-06
0.00206623 0.0104082  4.40127e-06
0.00206935 0.0127327  9.17076e-06
0.00628896 0.015814  1.99854e-05
0.0145199 0.0192004  5.30189e-05
0.0230284 0.0225975  0.000115538
0.0314412 0.0259913  0.000206462
0.0397093 0.0293869  0.000325899
0.0479426 0.0327808  0.00047319
0.0560427 0.0361753  0.000648327
0.0641189 0.039568  0.000850766
0.0722034 0.0429597  0.0010806
0.0800728 0.0463511  0.00133763
0.0879137 0.0497392  0.00162104
0.0957641 0.0531248  0.00193097
0.103403 0.0565084  0.00226723
0.111014 0.0598876  0.002629
0.118634 0.0632633  0.00301646
0.126049 0.0666365  0.00342947
0.133436 0.0700051  0.0038672
0.140699 0.0733713  0.00432985
0.147941 0.0767335  0.00481681
0.155061 0.0800935  0.00532819
0.162161 0.0834497  0.00586339
0.169268 0.0868028  0.00642255
0.176182 0.0901535  0.00700556
0.183071 0.0934997  0.00761149
0.189969 0.096842  0.00824055
0.196678 0.100181  0.00889259
0.203362 0.103515  0.00956667
0.210054 0.106843  0.010263
0.216562 0.110168  0.0109815
0.223045 0.113487  0.0117213
0.229537 0.1168  0.0124825
0.23585 0.12011  0.0132652
0.24208 0.123414  0.0140686
0.24831 0.126712  0.0148925
0.25454 0.130006  0.015737
0.260601 0.133296  0.0166022
0.266639 0.13658  0.017487
0.272685 0.139859  0.0183918
0.278562 0.143134  0.0193166
0.284417 0.146403  0.0202603
0.29028 0.149666  0.0212232
0.295978 0.152925  0.0222053
0.301655 0.156177  0.0232055
0.307339 0.159423  0.0242242
0.312862 0.162664  0.0252614
0.318366 0.165898  0.026316
0.323875 0.169127  0.0273885
0.32923 0.17235  0.0284789
0.334564 0.175567  0.0295862
0.339904 0.178779  0.0307108
0.345094 0.181985  0.0318526
0.350263 0.185184  0.0330108
0.355439 0.188378  0.0341857
0.360468 0.191567  0.0353773
0.365477 0.194749  0.0365846
0.370493 0.197926  0.0378079
0.375365 0.201097  0.0390473
0.380219 0.204261  0.0403018
0.385078 0.207419  0.0415716
0.389844 0.210571  0.0428568
0.394506 0.213718  0.0441569
0.39916 0.216857  0.0454714
0.403816 0.219991  0.0468006
0.40834 0.223119  0.0481445
0.412845 0.226241  0.0495022
0.41727 0.229357  0.0508742
0.421681 0.232467  0.0522598
0.426012 0.235571  0.0536593
0.430331 0.238669  0.055072
0.434653 0.24176  0.0564982
0.43885 0.244847  0.0579379
0.443031 0.247927  0.0593903
0.447217 0.251001  0.0608556
0.45128 0.254069  0.0623339
0.455327 0.257131  0.0638243
0.459301 0.260187  0.0653272
0.463261 0.263237  0.066842
0.467226 0.26628  0.068369
0.471074 0.269319  0.0699082
0.474908 0.272351  0.0714587
0.478746 0.275377  0.073021
0.482469 0.278398  0.0745951
0.486178 0.281412  0.0761801
0.489892 0.284421  0.0777764
0.493495 0.287425  0.079384
0.497083 0.290422  0.0810022
0.500676 0.293413  0.0826312
0.504161 0.2964  0.0842711
0.507632 0.29938  0.0859211
0.511108 0.302354  0.0875815
0.514478 0.305323  0.0892524
0.517835 0.308287  0.090933
0.521197 0.311244  0.0926236
0.524456 0.314196  0.0943243
0.527702 0.317143  0.0960343
0.530952 0.320084  0.0977539
0.534103 0.32302  0.0994833
0.537241 0.32595  0.101222
0.540384 0.328875  0.102969
0.54343 0.331794  0.104726
0.546463 0.334708  0.106492
0.5495 0.337617  0.108267
0.552474 0.340521  0.11005
0.555441 0.343419  0.111842
0.558318 0.346313  0.113643
0.561183 0.349201  0.115452
0.564051 0.352083  0.117269
0.56683 0.354961  0.119094
0.569598 0.357834  0.120927
0.572369 0.360701  0.122769
0.575054 0.363564  0.124618
0.577727 0.366422  0.126475
0.580404 0.369275  0.128339
0.582996 0.372123  0.130212
0.585578 0.374966  0.132091
0.588162 0.377804  0.133978
0.590665 0.380638  0.135872
0.593158 0.383467  0.137774
0.595654 0.386291  0.139682
0.59807 0.389111  0.141598
0.600476 0.391926  0.14352
0.602885 0.394736  0.145449
0.605216 0.397542  0.147384
0.607538 0.400343  0.149327
0.609863 0.40314  0.151275
0.612113 0.405932  0.153231
0.614353 0.40872  0.155192
0.616596 0.411504  0.15716
0.618766 0.414284  0.159134
0.620927 0.417059  0.161114
0.623044 0.41983  0.1631
0.625153 0.422596  0.165092
0.627265 0.425359  0.167089
0.629308 0.428118  0.169093
0.631342 0.430872  0.171102
0.633379 0.433622  0.173117
0.635348 0.436369  0.175137
0.637309 0.439111  0.177163
0.639272 0.44185  0.179194
0.64117 0.444585  0.181231
0.643059 0.447315  0.183272
0.644951 0.450042  0.185319
0.64678 0.452765  0.187371
0.6486 0.455485  0.189428
0.650423 0.458201  0.19149
0.652184 0.460913  0.193557
0.653937 0.463621  0.195629
0.655692 0.466326  0.197705
0.657388 0.469027  0.199787
0.659076 0.471725  0.201872
0.660767 0.474419  0.203962
0.662399 0.47711  0.206057
0.664023 0.479798  0.208157
0.665651 0.482482  0.21026
0.667221 0.485163  0.212368
0.668785 0.48784  0.21448
0.67035 0.490514  0.216597
0.671861 0.493185  0.218717
0.673365 0.495853  0.220842
0.674836 0.498518  0.22297
0.676301 0.501179  0.225103
0.677768 0.503838  0.227239
0.679184 0.506493  0.22938
0.680593 0.509146  0.231524
0.682004 0.511795  0.233671
0.683364 0.514442  0.235823
0.684718 0.517085  0.237978
0.686074 0.519726  0.240137
0.687381 0.522364  0.242299
0.688681 0.524999  0.244465
0.689984 0.527631  0.246634
0.691239 0.53026  0.248807
0.692488 0.532887  0.250983
0.693738 0.535511  0.253162
0.694943 0.538133  0.255344
0.696142 0.540751  0.25753
0.697342 0.543368  0.259719
0.698498 0.545981  0.261911
0.699649 0.548592  0.264105
0.7008 0.551201  0.266303
0.701909 0.553807  0.268504
0.703012 0.556411  0.270708
0.704117 0.559012  0.272915
0.70518 0.561611  0.275124
0.706237 0.564208  0.277337
0.707296 0.566802  0.279552
0.708314 0.569394  0.28177
0.709327 0.571984  0.28399
0.710315 0.574572  0.286213
0.7113 0.577157  0.288439
0.712286 0.579741  0.290667
0.713233 0.582322  0.292898
0.714175 0.584901  0.295131
0.715119 0.587478  0.297367
0.716026 0.590053  0.299605
0.716927 0.592626  0.301845
0.71783 0.595197  0.304088
0.718697 0.597766  0.306333
0.719559 0.600333  0.30858
0.720422 0.602898  0.31083
0.721251 0.605461  0.313082
0.722074 0.608022  0.315335
0.722899 0.610582  0.317591
0.72369 0.613139  0.319849
0.724477 0.615695  0.322109
0.725265 0.618249  0.324371
0.72602 0.620802  0.326636
0.72677 0.623353  0.328902
0.727501 0.625902  0.33117
0.728228 0.628449  0.333439
0.728957 0.630995  0.335711
0.729654 0.633539  0.337985
0.730347 0.636082  0.34026
0.731042 0.638623  0.342537
0.731706 0.641163  0.344816
0.732366 0.643701  0.347096
0.733028 0.646237  0.349379
0.73366 0.648773  0.351663
0.734288 0.651306  0.353948
0.734917 0.653838  0.356235
0.735518 0.656369  0.358524
0.736115 0.658899  0.360814
0.736714 0.661427  0.363106
0.737284 0.663954  0.365399
0.737851 0.666479  0.367694
0.73842 0.669004  0.36999
0.738961 0.671527  0.372287
0.739499 0.674048  0.374586
0.740038 0.676569  0.376886
0.740551 0.679088  0.379188
0.741061 0.681606  0.381491
0.741572 0.684123  0.383795
0.742058 0.686639  0.386101
0.74254 0.689154  0.388407
0.743024 0.691668  0.390715
0.743483 0.69418  0.393025
0.743939 0.696692  0.395335
0.744381 0.699203  0.397646
0.74482 0.701712  0.399959
0.74526 0.704221  0.402273
0.745677 0.706728  0.404587
0.746091 0.709235  0.406903
0.746506 0.71174  0.40922
0.746899 0.714245  0.411538
0.747289 0.716749  0.413857
0.74768 0.719252  0.416177
0.748049 0.721754  0.418498
0.748415 0.724255  0.420819
0.748783 0.726755  0.423142
0.749129 0.729255  0.425466
0.749473 0.731754  0.42779
0.749817 0.734252  0.430115
0.750142 0.736749  0.432442
0.750464 0.739245  0.434769
0.750786 0.741741  0.437097
0.751089 0.744236  0.439425
0.75139 0.74673  0.441755
0.751691 0.749224  0.444085
0.751973 0.751717  0.446416
0.752253 0.754209  0.448747
0.752534 0.756701  0.45108
0.752796 0.759192  0.453413
0.753056 0.761682  0.455746
0.753317 0.764172  0.45808
0.75356 0.766661  0.460415
0.753801 0.76915  0.462751
0.754031 0.771638  0.465087
0.754259 0.774126  0.467424
0.754488 0.776613  0.469761
0.754701 0.7791  0.472099
0.754911 0.781586  0.474437
0.755121 0.784071  0.476776
0.755316 0.786556  0.479116
0.755509 0.789041  0.481456
0.755702 0.791525  0.483796
0.755879 0.794009  0.486137
0.756055 0.796493  0.488479
0.756231 0.798976  0.49082
0.756391 0.801458  0.493163
0.75655 0.803941  0.495505
0.75671 0.806423  0.497848
0.756855 0.808904  0.500192
0.756998 0.811385  0.502535
0.757141 0.813866  0.504879
0.757271 0.816347  0.507224
0.757398 0.818827  0.509569
0.757526 0.821307  0.511914
0.75764 0.823787  0.514259
0.757753 0.826266  0.516605
0.757866 0.828746  0.518951
0.757966 0.831225  0.521297
0.758064 0.833703  0.523644
0.758154 0.836182  0.525991
0.758243 0.83866  0.528338
0.758332 0.841138  0.530685
0.758409 0.843616  0.533032
0.758484 0.846094  0.53538
0.75856 0.848572  0.537728
0.758623 0.851049  0.540076
0.758685 0.853526  0.542424
0.758747 0.856004  0.544772
0.758798 0.858481  0.547121
0.758847 0.860958  0.54947
0.758897 0.863434  0.551818
0.758935 0.865911  0.554167
0.758972 0.868388  0.556516
0.759002 0.870864  0.558865
0.75903 0.873341  0.561214
0.75906 0.875817  0.563564
0.759078 0.878294  0.565913
0.759095 0.88077  0.568262
0.759113 0.883246  0.570612
0.759123 0.885723  0.572961
0.759133 0.888199  0.57531
0.759132 0.890675  0.57766
0.759131 0.893151  0.580009
0.75913 0.895628  0.582359
0.759119 0.898104  0.584708
0.759106 0.90058  0.587058
0.759094 0.903057  0.589407
0.759073 0.905533  0.591756
0.75905 0.908009  0.594106
0.759028 0.910486  0.596455
0.758996 0.912963  0.598804
0.758964 0.915439  0.601153
0.758931 0.917916  0.603502
0.75889 0.920393  0.605851
0.758847 0.92287  0.6082
0.758805 0.925347  0.610549
0.758755 0.927824  0.612898
0.758703 0.930301  0.615246
0.758646 0.932779  0.617595
0.758588 0.935256  0.619943
0.758531 0.937734  0.622291
0.758465 0.940212  0.624639
0.758396 0.94269  0.626987
0.758326 0.945168  0.629335
0.758257 0.947646  0.631682
0.75818 0.950125  0.634029
0.758102 0.952604  0.636377
0.758024 0.955082  0.638723
0.757939 0.957562  0.64107
0.757853 0.960041  0.643417
0.757767 0.96252  0.645763
0.757674 0.965  0.648109
0.757579 0.96748  0.650455
0.757485 0.96996  0.652801
0.757387 0.972441  0.655146
0.757287 0.974921  0.657491
0.757182 0.977402  0.659836
0.757075 0.979883  0.662181
0.756968 0.982365  0.664525
0.756855 0.984846  0.666869
0.75674 0.987328  0.669213
0.756626 0.98981  0.671557
0.756506 0.992293  0.6739
0.756385 0.994776  0.676243
0.756264 0.997259  0.678586
0.756136 0.999742  0.680928
0.756008 1.00223  0.68327
0.75588 1.00471  0.685612
0.755746 1.00719  0.687953
0.755612 1.00968  0.690294
0.755477 1.01216  0.692635
0.755337 1.01465  0.694976
0.755196 1.01713  0.697316
0.755055 1.01962  0.699655
0.754908 1.02211  0.701995
0.754761 1.02459  0.704334
0.754614 1.02708  0.706673
0.754461 1.02957  0.709011
0.754308 1.03205  0.711349
0.754154 1.03454  0.713686
0.753996 1.03703  0.716023
0.753837 1.03952  0.71836
0.753674 1.04201  0.720697
0.753511 1.0445  0.723033
0.753345 1.04699  0.725368
0.753178 1.04948  0.727703
0.753012 1.05197  0.730038
0.752841 1.05446  0.732372
0.752668 1.05695  0.734706
0.752497 1.05944  0.73704
0.75232 1.06194  0.739373
0.752142 1.06443  0.741705
0.751965 1.06692  0.744037
0.751783 1.06941  0.746369
0.751601 1.07191  0.7487
0.751419 1.0744  0.751031
0.751232 1.0769  0.753361
0.751044 1.07939  0.755691
0.750857 1.08189  0.758021
0.750667 1.08438  0.76035
0.750476 1.08688  0.762678
0.750281 1.08938  0.765006
0.750086 1.09188  0.767334
0.749891 1.09437  0.769661
0.749691 1.09687  0.771987
0.749491 1.09937  0.774313
0.749291 1.10187  0.776639
0.749087 1.10437  0.778964
0.748883 1.10687  0.781288
0.748679 1.10937  0.783612
0.74847 1.11187  0.785936
0.748261 1.11437  0.788259
0.748053 1.11688  0.790581
0.74784 1.11938  0.792903
0.747627 1.12188  0.795225
0.747414 1.12439  0.797545
0.747198 1.12689  0.799866
0.74698 1.12939  0.802186
0.746761 1.1319  0.804505
0.746541 1.13441  0.806824
0.746319 1.13691  0.809142
0.746097 1.13942  0.811459
0.745874 1.14193  0.813776
0.745649 1.14443  0.816093
0.745422 1.14694  0.818409
0.745196 1.14945  0.820724
0.744967 1.15196  0.823039
0.744737 1.15447  0.825353
0.744507 1.15698  0.827667
0.744273 1.15949  0.82998
0.74404 1.162  0.832292
0.743806 1.16452  0.834604
0.743569 1.16703  0.836915
0.743332 1.16954  0.839226
0.743093 1.17205  0.841536
0.742853 1.17457  0.843846
0.742614 1.17708  0.846155
0.742371 1.1796  0.848463
0.742128 1.18212  0.850771
0.741885 1.18463  0.853078
0.741639 1.18715  0.855384
0.741393 1.18967  0.85769
0.741146 1.19218  0.859995
0.740897 1.1947  0.8623
0.740647 1.19722  0.864604
0.740398 1.19974  0.866907
0.740145 1.20226  0.86921
0.739892 1.20478  0.871512
0.73964 1.20731  0.873813
0.739384 1.20983  0.876114
0.739128 1.21235  0.878414
0.738872 1.21487  0.880714
0.738614 1.2174  0.883013
0.738356 1.21992  0.885311
0.738095 1.22245  0.887609
0.737834 1.22497  0.889905
0.737571 1.2275  0.892202
0.737308 1.23003  0.894497
0.737045 1.23256  0.896792
0.736779 1.23508  0.899087
0.736513 1.23761  0.90138
0.736247 1.24014  0.903673
0.735979 1.24267  0.905965
0.73571 1.2452  0.908257
0.735441 1.24773  0.910548
0.735169 1.25027  0.912838
0.734898 1.2528  0.915127
0.734625 1.25533  0.917416
0.734352 1.25787  0.919704
0.734077 1.2604  0.921992
0.733802 1.26294  0.924279
0.733526 1.26547  0.926565
0.733248 1.26801  0.92885
0.73297 1.27054  0.931135
0.732692 1.27308  0.933419
0.732411 1.27562  0.935702
0.73213 1.27816  0.937984
0.731848 1.2807  0.940266
0.731565 1.28324  0.942547
0.731281 1.28578  0.944828
0.730997 1.28832  0.947107
0.730713 1.29086  0.949386
0.730426 1.29341  0.951664
0.730139 1.29595  0.953942
0.729852 1.29849  0.956219
0.729563 1.30104  0.958495
0.729273 1.30358  0.96077
0.728984 1.30613  0.963045
0.728692 1.30868  0.965318
0.7284 1.31122  0.967591
0.728108 1.31377  0.969864
0.727814 1.31632  0.972135
0.727519 1.31887  0.974406
0.727225 1.32142  0.976676
0.726928 1.32397  0.978946
0.726631 1.32652  0.981214
0.726334 1.32907  0.983482
0.726035 1.33163  0.985749
0.725735 1.33418  0.988015
0.725436 1.33674  0.990281
0.725134 1.33929  0.992546
0.724832 1.34185  0.99481
0.724529 1.3444  0.997073
0.724225 1.34696  0.999335
0.723922 1.34952  1.0016
0.723616 1.35207  1.00386
0.72331 1.35463  1.00612
0.723004 1.35719  1.00838
0.722696 1.35975  1.01064
0.722388 1.36231  1.01289
0.72208 1.36488  1.01515
0.72177 1.36744  1.01741
0.721459 1.37  1.01966
0.721148 1.37257  1.02192
0.720836 1.37513  1.02417
0.720523 1.3777  1.02642
0.72021 1.38026  1.02868
0.719895 1.38283  1.03093
0.71958 1.3854  1.03318
0.719264 1.38796  1.03543
0.718947 1.39053  1.03768
0.718629 1.3931  1.03992
0.718312 1.39567  1.04217
0.717992 1.39824  1.04442
0.717672 1.40081  1.04666
0.717352 1.40339  1.04891
0.71703 1.40596  1.05115
0.716708 1.40853  1.0534
0.716386 1.41111  1.05564
0.716062 1.41368  1.05788
0.715739 1.41626  1.06012
0.715413 1.41884  1.06236
0.715087 1.42141  1.0646
0.714761 1.42399  1.06684
0.714433 1.42657  1.06908
0.714104 1.42915  1.07131
0.713776 1.43173  1.07355
0.713446 1.43431  1.07578
0.713115 1.43689  1.07802
0.712785 1.43948  1.08025
0.712452 1.44206  1.08248
0.712119 1.44464  1.08471
0.711786 1.44723  1.08694
0.711451 1.44981  1.08917
0.711116 1.4524  1.0914
0.710781 1.45499  1.09363
0.710444 1.45758  1.09586
0.710106 1.46016  1.09808
0.709769 1.46275  1.10031
0.709429 1.46534  1.10253
0.70909 1.46793  1.10476
0.70875 1.47053  1.10698
0.708408 1.47312  1.1092
0.708065 1.47571  1.11142
0.707723 1.47831  1.11364
0.70738 1.4809  1.11586
0.707035 1.4835  1.11808
0.70669 1.48609  1.1203
0.706345 1.48869  1.12251
0.705998 1.49129  1.12473
0.70565 1.49388  1.12694
0.705303 1.49648  1.12916
0.704953 1.49908  1.13137
0.704604 1.50168  1.13358
0.704253 1.50429  1.13579
0.703901 1.50689  1.138
0.70355 1.50949  1.14021
0.703197 1.5121  1.14242
0.702843 1.5147  1.14463
0.70249 1.51731  1.14684
0.702134 1.51991  1.14904
0.701778 1.52252  1.15125
0.701422 1.52513  1.15345
0.701064 1.52774  1.15565
0.700706 1.53034  1.15785
0.700348 1.53296  1.16005
0.699987 1.53557  1.16225
0.699627 1.53818  1.16445
0.699266 1.54079  1.16665
0.698903 1.5434  1.16885
0.69854 1.54602  1.17105
0.698176 1.54863  1.17324
0.697811 1.55125  1.17543
0.697447 1.55387  1.17763
0.69708 1.55648  1.17982
0.696713 1.5591  1.18201
0.696346 1.56172  1.1842
0.695977 1.56434  1.18639
0.695607 1.56696  1.18858
0.695238 1.56958  1.19077
0.694866 1.5722  1.19295
0.694494 1.57483  1.19514
0.694123 1.57745  1.19732
0.693749 1.58008  1.19951
0.693374 1.5827  1.20169
0.693 1.58533  1.20387
0.692623 1.58795  1.20605
0.692246 1.59058  1.20823
0.69187 1.59321  1.21041
0.691491 1.59584  1.21259
0.691111 1.59847  1.21477
0.69073 1.6011  1.21694
0.690349 1.60373  1.21912
0.689968 1.60637  1.22129
0.689585 1.609  1.22346
0.689202 1.61164  1.22564
0.688818 1.61427  1.22781
0.688432 1.61691  1.22998
0.688046 1.61954  1.23214
0.68766 1.62218  1.23431
0.687272 1.62482  1.23648
0.686883 1.62746  1.23864
0.686494 1.6301  1.24081
0.686103 1.63274  1.24297
0.685712 1.63538  1.24514
0.685321 1.63803  1.2473
0.684927 1.64067  1.24946
0.684533 1.64332  1.25162
0.684137 1.64596  1.25378
0.683742 1.64861  1.25593
0.683346 1.65126  1.25809
0.682948 1.6539  1.26024
0.682549 1.65655  1.2624
0.682151 1.6592  1.26455
0.68175 1.66185  1.2667
0.681349 1.6645  1.26885
0.680948 1.66716  1.271
0.680544 1.66981  1.27315
0.68014 1.67246  1.2753
0.679737 1.67512  1.27745
0.67933 1.67778  1.27959
0.678923 1.68043  1.28174
0.678517 1.68309  1.28388
0.678108 1.68575  1.28602
0.677698 1.68841  1.28817
0.677289 1.69107  1.29031
0.676877 1.69373  1.29245
0.676464 1.69639  1.29458
0.67605 1.69905  1.29672
0.675636 1.70172  1.29886
0.675222 1.70438  1.30099
0.674805 1.70705  1.30312
0.674388 1.70971  1.30526
0.673971 1.71238  1.30739
0.673551 1.71505  1.30952
0.673131 1.71772  1.31165
0.672711 1.72039  1.31378
0.672288 1.72306  1.3159
0.671865 1.72573  1.31803
0.671442 1.7284  1.32015
0.671016 1.73108  1.32228
0.67059 1.73375  1.3244
0.670164 1.73643  1.32652
0.669735 1.7391  1.32864
0.669306 1.74178  1.33076
0.668877 1.74446  1.33288
0.668445 1.74714  1.335
0.668013 1.74982  1.33711
0.667579 1.7525  1.33923
0.667144 1.75518  1.34134
0.66671 1.75787  1.34345
0.666273 1.76055  1.34556
0.665835 1.76323  1.34767
0.665398 1.76592  1.34978
0.664958 1.76861  1.35189
0.664517 1.77129  1.35399
0.664076 1.77398  1.3561
0.663633 1.77667  1.3582
0.663189 1.77936  1.36031
0.662745 1.78205  1.36241
0.662298 1.78474  1.36451
0.661851 1.78744  1.36661
0.661404 1.79013  1.3687
0.660953 1.79283  1.3708
0.660503 1.79552  1.3729
0.66005 1.79822  1.37499
0.659597 1.80092  1.37708
0.659145 1.80361  1.37917
0.658689 1.80631  1.38127
0.658232 1.80902  1.38335
0.657776 1.81172  1.38544
0.657317 1.81442  1.38753
0.656857 1.81712  1.38962
0.656398 1.81983  1.3917
0.655935 1.82253  1.39378
0.655471 1.82524  1.39586
0.655008 1.82795  1.39795
0.654542 1.83065  1.40002
0.654075 1.83336  1.4021
0.653608 1.83607  1.40418
0.653138 1.83879  1.40626
0.652668 1.8415  1.40833
0.652195 1.84421  1.4104
0.651722 1.84692  1.41247
0.651249 1.84964  1.41454
0.650773 1.85236  1.41661
0.650297 1.85507  1.41868
0.64982 1.85779  1.42075
0.64934 1.86051  1.42281
0.64886 1.86323  1.42488
0.648379 1.86595  1.42694
0.647896 1.86867  1.429
0.647411 1.8714  1.43106
0.646927 1.87412  1.43312
0.646439 1.87685  1.43518
0.645951 1.87957  1.43723
0.645463 1.8823  1.43929
0.644971 1.88503  1.44134
0.644479 1.88776  1.44339
0.643987 1.89049  1.44545
0.643493 1.89322  1.44749
0.642998 1.89595  1.44954
0.6425 1.89868  1.45159
0.642001 1.90142  1.45363
0.641502 1.90415  1.45568
0.640999 1.90689  1.45772
0.640496 1.90963  1.45976
0.639993 1.91236  1.4618
0.639486 1.9151  1.46384
0.638979 1.91784  1.46588
0.638472 1.92058  1.46791
0.637961 1.92333  1.46995
0.637449 1.92607  1.47198
0.636938 1.92882  1.47401
0.636423 1.93156  1.47604
0.635907 1.93431  1.47807
0.635391 1.93705  1.4801
0.634871 1.9398  1.48212
0.634351 1.94255  1.48415
0.633828 1.9453  1.48617
0.633305 1.94806  1.48819
0.632781 1.95081  1.49021
0.632254 1.95356  1.49223
0.631726 1.95632  1.49425
0.631199 1.95907  1.49627
0.630667 1.96183  1.49828
0.630134 1.96459  1.50029
0.629602 1.96735  1.5023
0.629065 1.97011  1.50431
0.628528 1.97287  1.50632
0.627991 1.97563  1.50833
0.62745 1.9784  1.51033
0.626908 1.98116  1.51234
0.626366 1.98393  1.51434
0.62582 1.98669  1.51634
0.625273 1.98946  1.51834
0.624723 1.99223  1.52034
0.624173 1.995  1.52234
0.623623 1.99777  1.52433
0.623069 2.00055  1.52632
0.622514 2.00332  1.52832
0.621959 2.00609  1.53031
0.621399 2.00887  1.53229
0.620839 2.01165  1.53428
0.620279 2.01442  1.53627
0.619714 2.0172  1.53825
0.619149 2.01998  1.54023
0.618583 2.02277  1.54222
0.618013 2.02555  1.54419
0.617442 2.02833  1.54617
0.616872 2.03112  1.54815
0.616296 2.0339  1.55012
0.61572 2.03669  1.5521
0.615144 2.03948  1.55407
0.614563 2.04227  1.55604
0.613981 2.04506  1.55801
0.6134 2.04785  1.55997
0.612813 2.05064  1.56194
0.612226 2.05344  1.5639
0.611635 2.05623  1.56586
0.611044 2.05903  1.56782
0.610453 2.06182  1.56978
0.609857 2.06462  1.57174
0.60926 2.06742  1.57369
0.608663 2.07022  1.57565
0.608061 2.07303  1.5776
0.607458 2.07583  1.57955
0.606856 2.07863  1.5815
0.606248 2.08144  1.58344
0.605639 2.08425  1.58539
0.60503 2.08705  1.58733
0.604416 2.08986  1.58927
0.603801 2.09267  1.59121
0.603186 2.09548  1.59315
0.602566 2.0983  1.59509
0.601944 2.10111  1.59702
0.601319 2.10393  1.59895
0.600694 2.10674  1.60088
0.600068 2.10956  1.60281
0.599437 2.11238  1.60474
0.598805 2.1152  1.60667
0.598173 2.11802  1.60859
0.597535 2.12084  1.61051
0.596897 2.12367  1.61243
0.596258 2.12649  1.61435
0.595614 2.12932  1.61627
0.594968 2.13215  1.61818
0.594323 2.13497  1.6201
0.593671 2.1378  1.62201
0.593019 2.14064  1.62392
0.592367 2.14347  1.62582
0.591708 2.1463  1.62773
0.591049 2.14914  1.62963
0.59039 2.15197  1.63154
0.589724 2.15481  1.63344
0.589057 2.15765  1.63533
0.588386 2.16049  1.63723
0.587714 2.16333  1.63913
0.587043 2.16617  1.64102
0.586365 2.16902  1.64291
0.585686 2.17186  1.6448
0.585007 2.17471  1.64668
0.584321 2.17756  1.64857
0.583634 2.1804  1.65045
0.582948 2.18325  1.65233
0.582254 2.18611  1.65421
0.58156 2.18896  1.65609
0.580865 2.19181  1.65796
0.580164 2.19467  1.65984
0.579461 2.19753  1.66171
0.578758 2.20038  1.66358
0.578049 2.20324  1.66544
0.577338 2.2061  1.66731
0.576627 2.20897  1.66917
0.575909 2.21183  1.67103
0.575189 2.21469  1.67289
0.574465 2.21756  1.67475
0.57374 2.22043  1.6766
0.573015 2.2233  1.67846
0.572283 2.22617  1.68031
0.571549 2.22904  1.68215
0.570816 2.23191  1.684
0.570074 2.23479  1.68584
0.569332 2.23766  1.68769
0.568589 2.24054  1.68953
0.567838 2.24342  1.69136
0.567087 2.2463  1.6932
0.566335 2.24918  1.69503
0.565575 2.25206  1.69686
0.564814 2.25494  1.69869
0.564053 2.25783  1.70052
0.563283 2.26072  1.70235
0.562512 2.2636  1.70417
0.561741 2.26649  1.70599
0.560961 2.26938  1.70781
0.560181 2.27228  1.70962
0.559394 2.27517  1.71144
0.558606 2.27807  1.71325
0.557819 2.28096  1.71506
0.557022 2.28386  1.71686
0.556224 2.28676  1.71867
0.555427 2.28966  1.72047
0.55462 2.29256  1.72227
0.553811 2.29547  1.72407
0.553003 2.29837  1.72586
0.552185 2.30128  1.72765
0.551366 2.30419  1.72944
0.550547 2.3071  1.73123
0.549717 2.31001  1.73302
0.548887 2.31292  1.7348
0.548056 2.31584  1.73658
0.547216 2.31875  1.73836
0.546373 2.32167  1.74014
0.545532 2.32459  1.74191
0.544679 2.32751  1.74368
0.543825 2.33043  1.74545
0.542964 2.33335  1.74721
0.542102 2.33628  1.74898
0.54124 2.33921  1.75074
0.540367 2.34213  1.7525
0.539493 2.34506  1.75425
0.538619 2.34799  1.75601
0.537733 2.35093  1.75776
0.536846 2.35386  1.75951
0.53596 2.3568  1.76125
0.535061 2.35973  1.76299
0.534161 2.36267  1.76473
0.533261 2.36561  1.76647
0.532349 2.36855  1.76821
0.531435 2.3715  1.76994
0.530521 2.37444  1.77167
0.529595 2.37739  1.7734
0.528667 2.38034  1.77512
0.52774 2.38329  1.77684
0.526799 2.38624  1.77856
0.525857 2.38919  1.78028
0.524906 2.39215  1.78199
0.523954 2.3951  1.7837
0.523002 2.39806  1.78541
0.522037 2.40102  1.78711
0.52107 2.40398  1.78881
0.520104 2.40695  1.79051
0.519123 2.40991  1.79221
0.51814 2.41288  1.7939
0.517158 2.41584  1.79559
0.516161 2.41881  1.79728
0.515162 2.42179  1.79896
0.514164 2.42476  1.80064
0.51315 2.42773  1.80232
0.512134 2.43071  1.804
0.511119 2.43369  1.80567
0.510088 2.43667  1.80734
0.509055 2.43965  1.80901
0.508012 2.44263  1.81067
0.506967 2.44562  1.81233
0.505923 2.4486  1.81399
0.504862 2.45159  1.81564
0.503799 2.45458  1.81729
0.502737 2.45758  1.81894
0.501658 2.46057  1.82058
0.500576 2.46357  1.82222
0.499495 2.46656  1.82386
0.498395 2.46956  1.8255
0.497294 2.47256  1.82713
0.496193 2.47557  1.82876
0.495074 2.47857  1.83038
0.493952 2.48158  1.832
0.492831 2.48459  1.83362
0.49169 2.4876  1.83523
0.490547 2.49061  1.83685
0.489404 2.49362  1.83845
0.488242 2.49664  1.84006
0.487077 2.49966  1.84166
0.485913 2.50268  1.84326
0.484734 2.5057  1.84485
0.483554 2.50872  1.84644
0.482353 2.51175  1.84803
0.481149 2.51477  1.84961
0.479945 2.5178  1.85119
0.47872 2.52083  1.85276
0.477491 2.52387  1.85433
0.476263 2.5269  1.8559
0.475013 2.52994  1.85747
0.473759 2.53298  1.85903
0.472506 2.53602  1.86058
0.471229 2.53906  1.86214
0.469949 2.5421  1.86369
0.46867 2.54515  1.86523
0.467366 2.5482  1.86677
0.466058 2.55125  1.86831
0.464752 2.5543  1.86984
0.463419 2.55736  1.87137
0.462082 2.56041  1.8729
0.460729 2.56347  1.87442
0.459373 2.56653  1.87594
0.458018 2.5696  1.87745
0.456635 2.57266  1.87896
0.455249 2.57573  1.88046
0.453864 2.5788  1.88196
0.45245 2.58187  1.88346
0.451031 2.58494  1.88495
0.449614 2.58802  1.88644
0.448165 2.5911  1.88792
0.446712 2.59418  1.8894
0.445261 2.59726  1.89087
0.443776 2.60034  1.89234
0.442288 2.60343  1.89381
0.440801 2.60652  1.89527
0.439279 2.60961  1.89672
0.437753 2.6127  1.89817
0.436228 2.6158  1.89962
0.434668 2.6189  1.90106
0.433102 2.622  1.9025
0.431513 2.6251  1.90393
0.42992 2.6282  1.90536
0.428329 2.63131  1.90678
0.426699 2.63442  1.9082
0.425065 2.63753  1.90961
0.423432 2.64065  1.91101
0.421758 2.64376  1.91242
0.420078 2.64688  1.91381
0.4184 2.65  1.9152
0.416677 2.65313  1.91659
0.414949 2.65625  1.91797
0.413223 2.65938  1.91934
0.41145 2.66251  1.92071
0.409671 2.66564  1.92208
0.407893 2.66878  1.92344
0.406067 2.67192  1.92479
0.404234 2.67506  1.92614
0.402403 2.6782  1.92748
0.400519 2.68135  1.92881
0.398629 2.68449  1.93014
0.396741 2.68764  1.93147
0.394797 2.6908  1.93279
0.392846 2.69395  1.9341
0.390858 2.69711  1.9354
0.388864 2.70027  1.9367
0.386872 2.70344  1.93799
0.384821 2.7066  1.93928
0.382762 2.70977  1.94056
0.380706 2.71294  1.94183
0.378583 2.71612  1.9431
0.376451 2.71929  1.94436
0.374322 2.72247  1.94562
0.372121 2.72566  1.94686
0.369911 2.72884  1.9481
0.367703 2.73203  1.94933
0.365419 2.73522  1.95056
0.363124 2.73841  1.95178
0.360832 2.74161  1.95299
0.358458 2.74481  1.95419
0.356072 2.74801  1.95539
0.35369 2.75122  1.95658
0.351219 2.75443  1.95776
0.348736 2.75764  1.95893
0.346256 2.76085  1.96009
0.343775 2.76407  1.96125
0.341295 2.76729  1.9624
0.345283 2.7691  1.96304
0.350152 2.76984  1.96331
0.350575 2.76987  1.96332
0.350465 2.76988  1.96333
0.350502 2.7699  1.96333
0.350492 2.76991  1.96334
0.350497 2.76992  1.96334
0.350497 2.76993  1.96334
0.350498 2.76994  1.96335
0.350499 2.76995  1.96335
0.3505 2.76996  1.96336
0.350501 2.76997  1.96336
0.350502 2.76999  1.96337
0.350503 2.77  1.96337
0.350504 2.77001  1.96337
0.350506 2.77003  1.96338
0.350507 2.77004  1.96338
0.350508 2.77006  1.96339
0.35051 2.77007  1.9634
0.350511 2.77008  1.9634
0.350512 2.7701  1.9634
0.350514 2.77011  1.96341
0.350515 2.77012  1.96341
0.350516 2.77013  1.96342
0.350517 2.77014  1.96342
0.350518 2.77016  1.96343
0.35052 2.77017  1.96343
0.350521 2.77018  1.96343
0.350522 2.77019  1.96344
0.350523 2.77021  1.96344
0.350524 2.77022  1.96345
0.350526 2.77023  1.96345
0.350527 2.77025  1.96346
0.350528 2.77026  1.96346
0.35053 2.77027  1.96347
0.350531 2.77029  1.96347
0.350532 2.7703  1.96348
0.350534 2.77031  1.96348
0.350535 2.77032  1.96349
0.350536 2.77033  1.96349
0.350537 2.77035  1.9635
0.350538 2.77036  1.9635
0.35054 2.77037  1.9635
0.350541 2.77038  1.96351
0.350542 2.7704  1.96351
0.350543 2.77041  1.96352
0.350545 2.77042  1.96352
0.350546 2.77044  1.96353
0.350547 2.77045  1.96353
0.350549 2.77046  1.96354
0.35055 2.77048  1.96354
0.350551 2.77049  1.96355
0.350553 2.7705  1.96355
0.350554 2.77051  1.96356
0.350555 2.77053  1.96356
0.350556 2.77054  1.96356
0.350558 2.77055  1.96357
0.350559 2.77056  1.96357
0.35056 2.77057  1.96358
0.350561 2.77059  1.96358
0.350563 2.7706  1.96359
0.350564 2.77061  1.96359
0.350565 2.77063  1.9636
0.350567 2.77064  1.9636
0.350568 2.77065  1.96361
0.350569 2.77066  1.96361
0.350571 2.77068  1.96362
