0.00584134 0.0254152  6.44943e-05
0.00584452 0.0254287  6.45726e-05
0.0058477 0.0254421  6.4653e-05
0.00585084 0.0254556  6.47296e-05
0.00585399 0.0254691  6.48068e-05
0.00585717 0.0254825  6.48875e-05
0.00586031 0.025496  6.49641e-05
0.00586348 0.0255095  6.50422e-05
0.00586666 0.025523  6.51227e-05
0.00586979 0.0255365  6.51993e-05
0.00587296 0.0255499  6.52774e-05
0.00587613 0.0255634  6.53581e-05
0.00587927 0.0255769  6.54351e-05
0.00588246 0.0255904  6.5514e-05
0.00588563 0.0256039  6.55946e-05
0.00588876 0.0256174  6.5672e-05
0.00589193 0.0256308  6.57498e-05
0.00589511 0.0256443  6.58309e-05
0.00589825 0.0256578  6.59082e-05
0.0059014 0.0256712  6.59861e-05
0.00590458 0.0256847  6.60674e-05
0.00590772 0.0256982  6.61447e-05
0.0059109 0.0257117  6.62235e-05
0.00591407 0.0257252  6.63046e-05
0.00591747 0.0268946  7.32017e-05
0.00592066 0.029219  8.69233e-05
0.00833002 0.0324713  0.000108862
0.012678 0.0358703  0.000143454
0.0171358 0.0392741  0.000193492
0.0215456 0.0426769  0.000258499
0.0259668 0.0460804  0.000338559
0.0303655 0.0494842  0.000433622
0.0347628 0.052888  0.000543637
0.039142 0.0562921  0.000668588
0.0435186 0.059696  0.000808409
0.0478963 0.0630997  0.000963105
0.0522457 0.0665028  0.00113263
0.0565914 0.0699046  0.00131687
0.0609382 0.0733049  0.00151583
0.0652564 0.0767037  0.00172949
0.0695709 0.0801004  0.00195775
0.0738678 0.0834957  0.00220061
0.0781616 0.0868892  0.00245802
0.0824564 0.0902814  0.00273002
0.0867231 0.0936728  0.0030166
0.0909862 0.0970631  0.00331767
0.0952321 0.100453  0.00363323
0.0994751 0.103842  0.00396322
0.103701 0.10723  0.00430763
0.107924 0.110617  0.00466636
0.112148 0.114003  0.0050394
0.116344 0.117387  0.00542672
0.120537 0.12077  0.00582815
0.124712 0.12415  0.00624372
0.128875 0.127529  0.0066733
0.133038 0.130905  0.00711688
0.137201 0.134278  0.00757447
0.141336 0.13765  0.00804606
0.145468 0.14102  0.00853155
0.149583 0.144387  0.00903098
0.153694 0.147753  0.00954428
0.157789 0.151117  0.0100715
0.161881 0.154479  0.0106124
0.165974 0.157839  0.0111672
0.17004 0.161197  0.0117358
0.174102 0.164553  0.012318
0.178147 0.167906  0.0129138
0.182189 0.171257  0.0135231
0.186233 0.174606  0.014146
0.190249 0.177952  0.0147823
0.194252 0.181294  0.015432
0.198255 0.184635  0.016095
0.20224 0.187972  0.0167714
0.206214 0.191306  0.0174609
0.210188 0.194638  0.0181638
0.214144 0.197967  0.0188799
0.218097 0.201293  0.0196092
0.222034 0.204617  0.0203516
0.225959 0.207937  0.0211072
0.229883 0.211255  0.0218758
0.233799 0.214571  0.0226575
0.237714 0.217883  0.0234521
0.241603 0.221192  0.0242597
0.245487 0.224497  0.0250801
0.249356 0.2278  0.0259133
0.253221 0.231099  0.0267592
0.25707 0.234394  0.0276178
0.260916 0.237687  0.028489
0.264746 0.240975  0.0293729
0.268572 0.244261  0.0302694
0.272382 0.247543  0.0311784
0.27619 0.250821  0.0321
0.279998 0.254096  0.033034
0.28378 0.257368  0.0339806
0.287558 0.260636  0.0349395
0.291321 0.263901  0.0359108
0.29508 0.267162  0.0368943
0.29884 0.270419  0.0378901
0.302574 0.273673  0.0388981
0.306305 0.276923  0.0399183
0.310019 0.280169  0.0409505
0.313731 0.283411  0.0419947
0.317426 0.286649  0.0430509
0.321118 0.289883  0.0441191
0.324812 0.293113  0.0451992
0.328479 0.296339  0.0462912
0.332143 0.299561  0.047395
0.33579 0.302779  0.0485107
0.339435 0.305993  0.049638
0.343064 0.309204  0.0507772
0.346691 0.31241  0.0519279
0.3503 0.315611  0.0530903
0.353908 0.318809  0.0542642
0.357516 0.322002  0.0554496
0.361099 0.325192  0.0566466
0.364678 0.328376  0.0578549
0.368258 0.331557  0.0590746
0.371812 0.334733  0.0603057
0.375363 0.337904  0.061548
0.378898 0.341072  0.0628016
0.38243 0.344234  0.0640663
0.385964 0.347392  0.0653423
0.389471 0.350546  0.0666294
0.392976 0.353696  0.0679275
0.396464 0.356841  0.0692367
0.39995 0.359981  0.0705568
0.403437 0.363116  0.0718879
0.406898 0.366248  0.0732299
0.410356 0.369374  0.0745827
0.413815 0.372496  0.0759464
0.417249 0.375613  0.0773208
0.420679 0.378725  0.0787058
0.424094 0.381832  0.0801016
0.427506 0.384935  0.0815079
0.430903 0.388033  0.0829248
0.434296 0.391126  0.0843522
0.437691 0.394214  0.0857901
0.44106 0.397298  0.0872384
0.444427 0.400376  0.0886972
0.447777 0.40345  0.0901663
0.451126 0.406519  0.0916457
0.454458 0.409582  0.0931354
0.457788 0.412641  0.0946352
0.461119 0.415695  0.0961453
0.464425 0.418744  0.0976655
0.467727 0.421788  0.0991958
0.471031 0.424826  0.100736
0.47431 0.42786  0.102286
0.477585 0.430888  0.103847
0.480845 0.433912  0.105417
0.484103 0.43693  0.106997
0.487345 0.439943  0.108587
0.490585 0.442951  0.110186
0.493809 0.445954  0.111796
0.497031 0.448952  0.113415
0.500237 0.451945  0.115043
0.503441 0.454932  0.116681
0.50663 0.457914  0.118329
0.509816 0.460891  0.119987
0.512987 0.463862  0.121653
0.516147 0.466828  0.123329
0.519307 0.469789  0.125015
0.522451 0.472745  0.12671
0.525585 0.475695  0.128414
0.528718 0.47864  0.130127
0.531836 0.48158  0.13185
0.534951 0.484514  0.133582
0.538051 0.487443  0.135323
0.541149 0.490366  0.137073
0.544232 0.493284  0.138832
0.547312 0.496197  0.1406
0.550377 0.499104  0.142377
0.553439 0.502006  0.144163
0.556487 0.504902  0.145957
0.559532 0.507793  0.147761
0.562562 0.510678  0.149573
0.565582 0.513558  0.151394
0.568594 0.516433  0.153224
0.571604 0.519301  0.155062
0.5746 0.522165  0.15691
0.577593 0.525023  0.158765
0.580571 0.527875  0.160629
0.583546 0.530722  0.162502
0.586507 0.533563  0.164383
0.589458 0.536398  0.166273
0.5924 0.539228  0.16817
0.595342 0.542053  0.170077
0.598268 0.544872  0.171991
0.601192 0.547685  0.173914
0.604101 0.550493  0.175845
0.607001 0.553295  0.177784
0.609899 0.556091  0.179731
0.612783 0.558882  0.181686
0.615656 0.561667  0.18365
0.61853 0.564447  0.185621
0.621388 0.56722  0.187601
0.624243 0.569989  0.189588
0.627085 0.572751  0.191583
0.629923 0.575508  0.193586
0.632748 0.578259  0.195597
0.635569 0.581005  0.197615
0.638377 0.583745  0.199642
0.641182 0.586479  0.201676
0.643972 0.589208  0.203717
0.646753 0.59193  0.205767
0.649533 0.594647  0.207823
0.652298 0.597359  0.209888
0.655053 0.600065  0.21196
0.657808 0.602765  0.214039
0.660548 0.605459  0.216126
0.663286 0.608148  0.21822
0.66601 0.61083  0.220321
0.668723 0.613508  0.22243
0.671437 0.616179  0.224546
0.674135 0.618845  0.22667
0.676831 0.621505  0.2288
0.679513 0.624159  0.230938
0.682193 0.626808  0.233082
0.684858 0.62945  0.235234
0.687514 0.632088  0.237393
0.690162 0.634719  0.239559
0.692809 0.637345  0.241732
0.695441 0.639964  0.243912
0.698072 0.642579  0.246098
0.700703 0.645187  0.248292
0.703311 0.64779  0.250492
0.705909 0.650387  0.252699
0.708507 0.652978  0.254913
0.71109 0.655563  0.257134
0.713671 0.658143  0.259361
0.716238 0.660717  0.261595
0.718803 0.663285  0.263836
0.721354 0.665848  0.266083
0.723895 0.668405  0.268337
0.726436 0.670956  0.270597
0.728962 0.673501  0.272864
0.731479 0.676041  0.275137
0.733996 0.678575  0.277416
0.736498 0.681103  0.279702
0.738998 0.683626  0.281994
0.741492 0.686143  0.284293
0.743984 0.688654  0.286597
0.746462 0.691159  0.288908
0.748938 0.693659  0.291226
0.7514 0.696153  0.293549
0.753845 0.698641  0.295878
0.756289 0.701123  0.298214
0.758719 0.7036  0.300556
0.761147 0.706071  0.302903
0.763561 0.708537  0.305257
0.765973 0.710997  0.307617
0.768372 0.713451  0.309982
0.770761 0.715899  0.312354
0.773149 0.718342  0.314731
0.775524 0.720779  0.317114
0.777889 0.723211  0.319503
0.780254 0.725637  0.321898
0.782619 0.728057  0.324298
0.78497 0.730472  0.326704
0.787305 0.73288  0.329116
0.789638 0.735284  0.331533
0.791957 0.737681  0.333956
0.794275 0.740073  0.336385
0.796579 0.74246  0.338819
0.798873 0.744841  0.341259
0.801161 0.747216  0.343704
0.803447 0.749586  0.346154
0.80572 0.75195  0.34861
0.807991 0.754308  0.351071
0.810248 0.756661  0.353538
0.812503 0.759009  0.35601
0.814745 0.761351  0.358487
0.816985 0.763687  0.36097
0.819211 0.766018  0.363457
0.821429 0.768343  0.36595
0.823646 0.770663  0.368448
0.825849 0.772977  0.370951
0.828051 0.775285  0.37346
0.830239 0.777589  0.375973
0.832425 0.779886  0.378491
0.834597 0.782178  0.381015
0.836761 0.784465  0.383543
0.838925 0.786746  0.386077
0.841075 0.789022  0.388615
0.843223 0.791293  0.391158
0.845357 0.793558  0.393706
0.84749 0.795817  0.396259
0.84961 0.798071  0.398817
0.851728 0.80032  0.401379
0.853832 0.802563  0.403947
0.855935 0.804801  0.406518
0.858024 0.807033  0.409095
0.860112 0.80926  0.411676
0.862186 0.811482  0.414262
0.864259 0.813698  0.416853
0.866318 0.815909  0.419448
0.868369 0.818115  0.422048
0.870419 0.820315  0.424652
0.872456 0.82251  0.427261
0.874485 0.8247  0.429874
0.876513 0.826885  0.432492
0.878528 0.829064  0.435114
0.880534 0.831238  0.43774
0.88254 0.833406  0.440371
0.884532 0.83557  0.443006
0.886523 0.837728  0.445646
0.888501 0.839881  0.44829
0.890477 0.842028  0.450938
0.89244 0.844171  0.45359
0.894395 0.846308  0.456247
0.896349 0.84844  0.458907
0.89829 0.850567  0.461572
0.900223 0.852689  0.464241
0.902155 0.854805  0.466914
0.904074 0.856917  0.469592
0.905991 0.859023  0.472273
0.907896 0.861124  0.474958
0.909799 0.86322  0.477647
0.911689 0.865311  0.480341
0.913577 0.867397  0.483038
0.915453 0.869478  0.485739
0.91732 0.871554  0.488444
0.919187 0.873624  0.491153
0.921041 0.87569  0.493866
0.922894 0.877751  0.496582
0.924733 0.879806  0.499303
0.926565 0.881857  0.502027
0.928396 0.883903  0.504755
0.930214 0.885944  0.507487
0.93203 0.887979  0.510222
0.933834 0.89001  0.512961
0.93563 0.892036  0.515704
0.937425 0.894057  0.518451
0.939208 0.896073  0.521201
0.940988 0.898084  0.523954
0.942757 0.90009  0.526712
0.944523 0.902092  0.529472
0.946278 0.904088  0.532237
0.948024 0.90608  0.535005
0.949763 0.908067  0.537776
0.951501 0.910049  0.540551
0.953227 0.912026  0.543329
0.954945 0.913999  0.546111
0.956663 0.915966  0.548896
0.958368 0.917929  0.551684
0.960071 0.919888  0.554476
0.961762 0.921841  0.557271
0.963452 0.92379  0.560069
0.965142 0.925734  0.562871
0.966812 0.927673  0.565676
0.968481 0.929608  0.568484
0.970137 0.931538  0.571296
0.971791 0.933463  0.57411
0.973446 0.935384  0.576928
0.975082 0.9373  0.579749
0.976716 0.939211  0.582573
0.97835 0.941118  0.585401
0.979966 0.94302  0.588231
0.981579 0.944918  0.591065
0.983192 0.946811  0.593901
0.984793 0.9487  0.596741
0.986393 0.950584  0.599583
0.987974 0.952463  0.602429
0.989552 0.954338  0.605278
0.991131 0.956209  0.608129
0.992692 0.958075  0.610984
0.99425 0.959936  0.613841
0.995809 0.961794  0.616701
0.997349 0.963646  0.619565
0.998887 0.965495  0.622431
1.00043 0.967339  0.6253
1.00195 0.969178  0.628172
1.00346 0.971013  0.631046
1.00497 0.972844  0.633924
1.00647 0.974671  0.636804
1.00796 0.976493  0.639687
1.00946 0.978311  0.642572
1.01095 0.980124  0.645461
1.01242 0.981934  0.648352
1.01389 0.983739  0.651245
1.01535 0.98554  0.654142
1.01681 0.987336  0.657041
1.01825 0.989129  0.659942
1.01969 0.990917  0.662847
1.02113 0.992701  0.665753
1.02257 0.994481  0.668663
1.02399 0.996256  0.671575
1.0254 0.998028  0.674489
1.02681 0.999796  0.677406
1.02821 1.00156  0.680325
1.02962 1.00332  0.683247
1.03101 1.00507  0.686172
1.03239 1.00682  0.689098
1.03376 1.00857  0.692028
1.03514 1.01031  0.694959
1.0365 1.01205  0.697894
1.03785 1.01379  0.70083
1.03921 1.01552  0.703769
1.04055 1.01725  0.70671
1.04189 1.01897  0.709653
1.04323 1.02069  0.712599
1.04455 1.02241  0.715547
1.04587 1.02412  0.718498
1.04719 1.02582  0.72145
1.0485 1.02753  0.724405
1.0498 1.02923  0.727362
1.0511 1.03092  0.730321
1.05238 1.03262  0.733283
1.05366 1.03431  0.736247
1.05494 1.03599  0.739213
1.05621 1.03767  0.742181
1.05747 1.03935  0.745151
1.05873 1.04102  0.748123
1.05998 1.04269  0.751097
1.06122 1.04436  0.754074
1.06246 1.04602  0.757052
1.06369 1.04768  0.760033
1.06491 1.04933  0.763016
1.06614 1.05098  0.766
1.06734 1.05263  0.768987
1.06855 1.05428  0.771976
1.06975 1.05592  0.774967
1.07094 1.05755  0.777959
1.07213 1.05919  0.780954
1.07331 1.06082  0.78395
1.07448 1.06244  0.786949
1.07565 1.06407  0.789949
1.07681 1.06569  0.792952
1.07796 1.0673  0.795956
1.07912 1.06891  0.798962
1.08026 1.07052  0.80197
1.08139 1.07213  0.80498
1.08253 1.07373  0.807991
1.08365 1.07533  0.811005
1.08477 1.07692  0.81402
1.08587 1.07852  0.817037
1.08698 1.0801  0.820056
1.08807 1.08169  0.823076
1.08917 1.08327  0.826098
1.09026 1.08485  0.829122
1.09134 1.08643  0.832148
1.09241 1.088  0.835176
1.09349 1.08957  0.838205
1.09454 1.09113  0.841236
1.0956 1.0927  0.844268
1.09666 1.09426  0.847302
1.0977 1.09581  0.850338
1.09874 1.09736  0.853375
1.09977 1.09891  0.856414
1.1008 1.10046  0.859455
1.10182 1.102  0.862497
1.10284 1.10355  0.865541
1.10384 1.10508  0.868587
1.10484 1.10662  0.871634
1.10585 1.10815  0.874682
1.10683 1.10968  0.877732
1.10782 1.1112  0.880784
1.10879 1.11272  0.883837
1.10976 1.11424  0.886891
1.11074 1.11576  0.889947
1.11169 1.11727  0.893005
1.11265 1.11878  0.896064
1.1136 1.12029  0.899124
1.11454 1.1218  0.902186
1.11548 1.1233  0.905249
1.11642 1.1248  0.908314
1.11734 1.12629  0.91138
1.11826 1.12779  0.914447
1.11917 1.12928  0.917516
1.12008 1.13077  0.920587
1.12098 1.13225  0.923658
1.12188 1.13373  0.926731
1.12277 1.13521  0.929805
1.12365 1.13669  0.932881
1.12454 1.13816  0.935958
1.12541 1.13963  0.939036
1.12627 1.1411  0.942116
1.12713 1.14257  0.945196
1.12798 1.14403  0.948278
1.12884 1.14549  0.951362
1.12968 1.14695  0.954446
1.13052 1.14841  0.957532
1.13136 1.14986  0.960619
1.13218 1.15131  0.963707
1.133 1.15276  0.966796
1.13381 1.1542  0.969887
1.13462 1.15565  0.972979
1.13543 1.15709  0.976072
1.13622 1.15852  0.979166
1.13702 1.15996  0.982261
1.13781 1.16139  0.985358
1.13859 1.16282  0.988455
1.13936 1.16425  0.991554
1.14014 1.16568  0.994654
1.1409 1.1671  0.997755
1.14165 1.16852  1.00086
1.14241 1.16994  1.00396
1.14316 1.17136  1.00706
1.1439 1.17277  1.01017
1.14464 1.17418  1.01328
1.14537 1.17559  1.01638
1.14609 1.177  1.01949
1.14681 1.1784  1.0226
1.14752 1.17981  1.02571
1.14823 1.18121  1.02882
1.14893 1.18261  1.03193
1.14963 1.184  1.03505
1.15033 1.1854  1.03816
1.15101 1.18679  1.04128
1.15169 1.18818  1.04439
1.15237 1.18957  1.04751
1.15304 1.19095  1.05063
1.1537 1.19233  1.05375
1.15437 1.19372  1.05687
1.15502 1.1951  1.05999
1.15566 1.19647  1.06311
1.15631 1.19785  1.06623
1.15695 1.19922  1.06936
1.15759 1.20059  1.07248
1.15821 1.20196  1.07561
1.15883 1.20333  1.07873
1.15945 1.2047  1.08186
1.16006 1.20606  1.08499
1.16066 1.20742  1.08812
1.16127 1.20878  1.09125
1.16186 1.21014  1.09438
1.16244 1.21149  1.09751
1.16303 1.21285  1.10064
1.16361 1.2142  1.10377
1.16418 1.21555  1.10691
1.16475 1.2169  1.11004
1.16531 1.21825  1.11318
1.16586 1.21959  1.11631
1.16642 1.22094  1.11945
1.16696 1.22228  1.12259
1.1675 1.22362  1.12573
1.16804 1.22496  1.12887
1.16857 1.22629  1.13201
1.16909 1.22763  1.13515
1.16962 1.22896  1.13829
1.17013 1.23029  1.14143
1.17064 1.23162  1.14457
1.17115 1.23295  1.14771
1.17164 1.23428  1.15086
1.17213 1.23561  1.154
1.17263 1.23693  1.15715
1.17311 1.23825  1.16029
1.17358 1.23957  1.16344
1.17406 1.24089  1.16659
1.17452 1.24221  1.16974
1.17499 1.24353  1.17288
1.17544 1.24484  1.17603
1.17589 1.24616  1.17918
1.17634 1.24747  1.18233
1.17678 1.24878  1.18548
1.17722 1.25009  1.18864
1.17765 1.2514  1.19179
1.17807 1.2527  1.19494
1.1785 1.25401  1.19809
1.17892 1.25531  1.20125
1.17932 1.25662  1.2044
1.17973 1.25792  1.20756
1.18013 1.25922  1.21071
1.18053 1.26052  1.21387
1.18092 1.26182  1.21702
1.18131 1.26311  1.22018
1.18168 1.26441  1.22334
1.18206 1.2657  1.22649
1.18243 1.26699  1.22965
1.1828 1.26829  1.23281
1.18316 1.26958  1.23597
1.18352 1.27087  1.23913
1.18386 1.27216  1.24229
1.18421 1.27344  1.24545
1.18455 1.27473  1.24861
1.18489 1.27601  1.25178
1.18522 1.2773  1.25494
1.18555 1.27858  1.2581
1.18586 1.27986  1.26126
1.18618 1.28114  1.26443
1.18649 1.28242  1.26759
1.1868 1.2837  1.27075
1.1871 1.28498  1.27392
1.1874 1.28626  1.27708
1.18769 1.28754  1.28025
1.18797 1.28881  1.28341
1.18825 1.29009  1.28658
1.18853 1.29136  1.28975
1.1888 1.29263  1.29291
1.18906 1.2939  1.29608
1.18932 1.29518  1.29925
1.18958 1.29645  1.30242
1.18983 1.29771  1.30558
1.19007 1.29898  1.30875
1.19031 1.30025  1.31192
1.19055 1.30152  1.31509
1.19078 1.30279  1.31826
1.191 1.30405  1.32143
1.19122 1.30532  1.3246
1.19144 1.30658  1.32777
1.19166 1.30784  1.33094
1.19187 1.30911  1.33411
1.19207 1.31037  1.33728
1.19227 1.31163  1.34045
1.19246 1.31289  1.34362
1.19265 1.31415  1.3468
1.19283 1.31541  1.34997
1.19301 1.31667  1.35314
1.19318 1.31793  1.35631
1.19335 1.31919  1.35949
1.19353 1.32045  1.36266
1.19368 1.3217  1.36583
1.19384 1.32296  1.36901
1.19399 1.32422  1.37218
1.19413 1.32547  1.37535
1.19427 1.32673  1.37853
1.19441 1.32798  1.3817
1.19455 1.32924  1.38488
1.19467 1.33049  1.38805
1.1948 1.33174  1.39123
1.19492 1.333  1.3944
1.19503 1.33425  1.39758
1.19514 1.3355  1.40075
1.19525 1.33676  1.40393
1.19535 1.33801  1.4071
1.19544 1.33926  1.41028
1.19554 1.34051  1.41345
1.19562 1.34176  1.41663
1.1957 1.34301  1.4198
1.19578 1.34426  1.42298
1.19585 1.34551  1.42616
1.19592 1.34676  1.42933
1.19598 1.34801  1.43251
1.19604 1.34926  1.43569
1.1961 1.35051  1.43886
1.19615 1.35176  1.44204
1.19619 1.35301  1.44522
1.19624 1.35426  1.44839
1.19627 1.35551  1.45157
1.1963 1.35676  1.45475
1.19633 1.358  1.45792
1.19635 1.35925  1.4611
1.19637 1.3605  1.46428
1.19639 1.36175  1.46745
1.19639 1.363  1.47063
1.1964 1.36425  1.47381
1.1964 1.3655  1.47699
1.1964 1.36674  1.48016
1.19639 1.36799  1.48334
1.19638 1.36924  1.48652
1.19636 1.37049  1.48969
1.19634 1.37174  1.49287
1.19631 1.37299  1.49605
1.19628 1.37424  1.49922
1.19624 1.37548  1.5024
1.19621 1.37673  1.50558
1.19616 1.37798  1.50876
1.19611 1.37923  1.51193
1.19606 1.38048  1.51511
1.196 1.38173  1.51829
1.19594 1.38298  1.52146
1.19588 1.38423  1.52464
1.1958 1.38548  1.52782
1.19573 1.38673  1.53099
1.19564 1.38798  1.53417
1.19556 1.38923  1.53734
1.19548 1.39048  1.54052
1.19538 1.39174  1.5437
1.19528 1.39299  1.54687
1.19519 1.39424  1.55005
1.19508 1.39549  1.55322
1.19497 1.39674  1.5564
1.19486 1.398  1.55957
1.19474 1.39925  1.56275
1.19461 1.40051  1.56593
1.19449 1.40176  1.5691
1.19435 1.40301  1.57228
1.19422 1.40427  1.57545
1.19408 1.40553  1.57862
1.19394 1.40678  1.5818
1.19379 1.40804  1.58497
1.19364 1.40929  1.58815
1.19348 1.41055  1.59132
1.19331 1.41181  1.59449
1.19315 1.41307  1.59767
1.19298 1.41433  1.60084
1.19281 1.41559  1.60401
1.19263 1.41685  1.60719
1.19244 1.41811  1.61036
1.19226 1.41937  1.61353
1.19207 1.42063  1.6167
1.19187 1.42189  1.61988
1.19167 1.42316  1.62305
1.19147 1.42442  1.62622
1.19126 1.42569  1.62939
1.19105 1.42695  1.63256
1.19083 1.42822  1.63573
1.19061 1.42948  1.6389
1.19038 1.43075  1.64207
1.19015 1.43202  1.64524
1.18991 1.43329  1.64841
1.18967 1.43456  1.65158
1.18944 1.43583  1.65475
1.18919 1.4371  1.65792
1.18894 1.43837  1.66109
1.18868 1.43964  1.66425
1.18842 1.44092  1.66742
1.18816 1.44219  1.67059
1.18789 1.44347  1.67376
1.18762 1.44474  1.67692
1.18735 1.44602  1.68009
1.18707 1.4473  1.68325
1.18679 1.44857  1.68642
1.1865 1.44985  1.68959
1.18621 1.45113  1.69275
1.18591 1.45242  1.69592
1.18562 1.4537  1.69908
1.18531 1.45498  1.70224
1.185 1.45627  1.70541
1.18469 1.45755  1.70857
1.18437 1.45884  1.71173
1.18405 1.46012  1.71489
1.18373 1.46141  1.71806
1.1834 1.4627  1.72122
1.18307 1.46399  1.72438
1.18274 1.46528  1.72754
1.18239 1.46658  1.7307
1.18205 1.46787  1.73386
1.18171 1.46916  1.73702
1.18135 1.47046  1.74018
1.18099 1.47176  1.74334
1.18063 1.47305  1.74649
1.18026 1.47435  1.74965
1.1799 1.47565  1.75281
1.17952 1.47696  1.75596
1.17915 1.47826  1.75912
1.17877 1.47956  1.76228
1.17838 1.48087  1.76543
1.17799 1.48217  1.76859
1.1776 1.48348  1.77174
1.1772 1.48479  1.77489
1.1768 1.4861  1.77805
1.1764 1.48741  1.7812
1.17599 1.48872  1.78435
1.17558 1.49004  1.7875
1.17516 1.49135  1.79065
1.17474 1.49267  1.7938
1.17432 1.49399  1.79695
1.17388 1.49531  1.8001
1.17345 1.49663  1.80325
1.17301 1.49795  1.8064
1.17257 1.49927  1.80955
1.17213 1.5006  1.81269
1.17168 1.50192  1.81584
1.17122 1.50325  1.81899
1.17077 1.50458  1.82213
1.1703 1.50591  1.82528
1.16984 1.50724  1.82842
1.16937 1.50858  1.83156
1.16889 1.50991  1.83471
1.16842 1.51125  1.83785
1.16794 1.51258  1.84099
1.16745 1.51392  1.84413
1.16697 1.51526  1.84727
1.16648 1.51661  1.85041
1.16598 1.51795  1.85355
1.16548 1.5193  1.85669
1.16498 1.52064  1.85982
1.16447 1.52199  1.86296
1.16396 1.52334  1.8661
1.16344 1.52469  1.86923
1.16292 1.52605  1.87237
1.16239 1.5274  1.8755
1.16187 1.52876  1.87864
1.16133 1.53012  1.88177
1.1608 1.53148  1.8849
1.16026 1.53284  1.88803
1.15971 1.5342  1.89116
1.15917 1.53557  1.89429
1.15861 1.53694  1.89742
1.15806 1.53831  1.90055
1.1575 1.53968  1.90368
1.15694 1.54105  1.9068
1.15637 1.54242  1.90993
1.1558 1.5438  1.91306
1.15522 1.54518  1.91618
1.15464 1.54656  1.9193
1.15406 1.54794  1.92243
1.15347 1.54932  1.92555
1.15289 1.5507  1.92867
1.15229 1.55209  1.93179
1.15169 1.55348  1.93491
1.1511 1.55487  1.93803
1.15049 1.55626  1.94115
1.14988 1.55766  1.94426
1.14927 1.55905  1.94738
1.14866 1.56045  1.9505
1.14804 1.56185  1.95361
1.14741 1.56325  1.95672
1.14678 1.56466  1.95984
1.14615 1.56606  1.96295
1.14551 1.56747  1.96606
1.14487 1.56888  1.96917
1.14423 1.57029  1.97228
1.14358 1.57171  1.97539
1.14293 1.57312  1.9785
1.14227 1.57454  1.9816
1.14162 1.57596  1.98471
1.14096 1.57738  1.98781
1.14029 1.57881  1.99092
1.13963 1.58023  1.99402
1.13895 1.58166  1.99712
1.13827 1.58309  2.00022
1.13759 1.58452  2.00332
1.13691 1.58596  2.00642
1.13622 1.58739  2.00952
1.13553 1.58883  2.01262
1.13483 1.59027  2.01571
1.13413 1.59172  2.01881
1.13343 1.59316  2.0219
1.13272 1.59461  2.02499
1.13201 1.59606  2.02809
1.13129 1.59751  2.03118
1.13057 1.59896  2.03427
1.12985 1.60042  2.03736
1.12913 1.60188  2.04044
1.1284 1.60334  2.04353
1.12766 1.6048  2.04662
1.12693 1.60627  2.0497
1.12619 1.60774  2.05278
1.12544 1.60921  2.05587
1.1247 1.61068  2.05895
1.12394 1.61215  2.06203
1.12318 1.61363  2.06511
1.12243 1.61511  2.06819
1.12166 1.61659  2.07126
1.12089 1.61807  2.07434
1.12012 1.61956  2.07741
1.11934 1.62105  2.08049
1.11856 1.62254  2.08356
1.11778 1.62403  2.08663
1.11699 1.62553  2.0897
1.11619 1.62703  2.09277
1.1154 1.62853  2.09584
1.1146 1.63003  2.0989
1.1138 1.63154  2.10197
1.113 1.63305  2.10503
1.11218 1.63456  2.1081
1.11137 1.63607  2.11116
1.11056 1.63758  2.11422
1.10973 1.6391  2.11728
1.10891 1.64062  2.12034
1.10808 1.64215  2.12339
1.10725 1.64367  2.12645
1.10641 1.6452  2.1295
1.10557 1.64673  2.13256
1.10473 1.64826  2.13561
1.10388 1.6498  2.13866
1.10303 1.65134  2.14171
1.10217 1.65288  2.14475
1.10131 1.65442  2.1478
1.10045 1.65597  2.15085
1.09958 1.65752  2.15389
1.09871 1.65907  2.15693
1.09783 1.66063  2.15997
1.09695 1.66218  2.16301
1.09607 1.66374  2.16605
1.09518 1.6653  2.16909
1.09429 1.66687  2.17212
1.09341 1.66844  2.17516
1.09251 1.67001  2.17819
1.09161 1.67158  2.18122
1.0907 1.67316  2.18425
1.08979 1.67474  2.18728
1.08888 1.67632  2.19031
1.08796 1.6779  2.19333
1.08704 1.67949  2.19636
1.08611 1.68108  2.19938
1.08518 1.68267  2.2024
1.08425 1.68427  2.20542
1.08331 1.68586  2.20844
1.08237 1.68747  2.21146
1.08143 1.68907  2.21447
1.08048 1.69068  2.21749
1.07953 1.69229  2.2205
1.07858 1.6939  2.22351
1.07762 1.69551  2.22652
1.07666 1.69713  2.22953
1.0757 1.69875  2.23253
1.07473 1.70038  2.23554
1.07375 1.702  2.23854
1.07278 1.70363  2.24154
1.0718 1.70527  2.24454
1.07081 1.7069  2.24754
1.06983 1.70854  2.25054
1.06883 1.71018  2.25353
1.06784 1.71183  2.25653
1.06683 1.71348  2.25952
1.06583 1.71513  2.26251
1.06482 1.71678  2.2655
1.06381 1.71844  2.26848
1.06279 1.7201  2.27147
1.06178 1.72176  2.27445
1.06075 1.72343  2.27743
1.05972 1.7251  2.28041
1.0587 1.72677  2.28339
1.05766 1.72844  2.28637
1.05662 1.73012  2.28934
1.05558 1.7318  2.29232
1.05453 1.73349  2.29529
1.05348 1.73517  2.29826
1.05242 1.73686  2.30123
1.05136 1.73856  2.30419
1.0503 1.74026  2.30716
1.04923 1.74196  2.31012
1.04816 1.74366  2.31308
1.04708 1.74537  2.31604
1.046 1.74708  2.319
1.04491 1.74879  2.32195
1.04383 1.7505  2.3249
1.04273 1.75222  2.32786
1.04164 1.75395  2.33081
1.04054 1.75567  2.33375
1.03944 1.7574  2.3367
1.03833 1.75913  2.33964
1.03722 1.76087  2.34259
1.0361 1.76261  2.34553
1.03499 1.76435  2.34846
1.03387 1.7661  2.3514
1.03274 1.76784  2.35433
1.03161 1.7696  2.35727
1.03048 1.77135  2.3602
1.02934 1.77311  2.36312
1.02819 1.77487  2.36605
1.02705 1.77664  2.36898
1.0259 1.77841  2.3719
1.02474 1.78018  2.37482
1.02359 1.78195  2.37774
1.02242 1.78373  2.38065
1.02126 1.78551  2.38357
1.02009 1.7873  2.38648
1.01891 1.78909  2.38939
1.01773 1.79088  2.3923
1.01656 1.79268  2.3952
1.01537 1.79448  2.39811
1.01417 1.79628  2.40101
1.01298 1.79809  2.40391
1.01178 1.7999  2.4068
1.01057 1.80171  2.4097
1.00936 1.80353  2.41259
1.00815 1.80535  2.41548
1.00693 1.80717  2.41837
1.00571 1.809  2.42126
1.00448 1.81083  2.42414
1.00325 1.81266  2.42702
1.00201 1.8145  2.4299
1.00078 1.81634  2.43278
0.999532 1.81819  2.43565
0.998286 1.82004  2.43853
0.997034 1.82189  2.4414
0.99578 1.82374  2.44426
0.994526 1.8256  2.44713
0.993261 1.82747  2.44999
0.991994 1.82933  2.45285
0.990728 1.8312  2.45571
0.98945 1.83308  2.45857
0.988171 1.83496  2.46142
0.986892 1.83684  2.46427
0.985601 1.83872  2.46712
0.984308 1.84061  2.46997
0.983008 1.8425  2.47281
0.981707 1.8444  2.47566
0.980406 1.8463  2.4785
0.979094 1.8482  2.48133
0.97778 1.85011  2.48417
0.976458 1.85202  2.487
0.975135 1.85394  2.48983
0.973805 1.85585  2.49265
0.972469 1.85778  2.49548
0.971133 1.8597  2.4983
0.969789 1.86163  2.50112
0.968445 1.86357  2.50394
0.967092 1.8655  2.50675
0.965734 1.86744  2.50956
0.964376 1.86939  2.51237
0.963011 1.87134  2.51518
0.961644 1.87329  2.51798
0.960269 1.87525  2.52078
0.958893 1.87721  2.52358
0.957509 1.87917  2.52637
0.956124 1.88114  2.52916
0.954731 1.88311  2.53195
0.953332 1.88509  2.53474
0.951934 1.88707  2.53753
0.950527 1.88905  2.54031
0.949119 1.89104  2.54309
0.947704 1.89303  2.54586
0.946287 1.89503  2.54864
0.94487 1.89702  2.55141
0.943441 1.89903  2.55417
0.942009 1.90104  2.55694
0.94057 1.90305  2.5597
0.93913 1.90506  2.56246
0.937681 1.90708  2.56521
0.936232 1.9091  2.56797
0.934774 1.91113  2.57072
0.93331 1.91316  2.57346
0.931846 1.9152  2.57621
0.930383 1.91724  2.57895
0.928906 1.91928  2.58169
0.927423 1.92133  2.58442
0.92594 1.92338  2.58716
0.924449 1.92543  2.58988
0.922956 1.92749  2.59261
0.921455 1.92956  2.59533
0.919952 1.93163  2.59805
0.918441 1.9337  2.60077
0.916929 1.93577  2.60348
0.915417 1.93785  2.60619
0.913891 1.93994  2.6089
0.912364 1.94203  2.61161
0.910837 1.94412  2.61431
0.909297 1.94622  2.617
0.907754 1.94832  2.6197
0.906213 1.95042  2.62239
0.904657 1.95253  2.62508
0.903099 1.95464  2.62776
0.901543 1.95676  2.63044
0.899971 1.95888  2.63312
0.898399 1.96101  2.6358
0.896817 1.96314  2.63847
0.895234 1.96527  2.64114
0.893642 1.96741  2.6438
0.892048 1.96955  2.64646
0.890446 1.9717  2.64912
0.888842 1.97385  2.65178
0.887229 1.97601  2.65443
0.885614 1.97817  2.65707
0.884 1.98033  2.65972
0.882372 1.9825  2.66236
0.880741 1.98467  2.665
0.879112 1.98685  2.66763
0.877467 1.98903  2.67026
0.87582 1.99122  2.67289
0.874174 1.99341  2.67551
0.872513 1.9956  2.67813
0.87085 1.9978  2.68074
0.869188 2  2.68336
0.86751 2.00221  2.68596
0.865831 2.00442  2.68857
0.864152 2.00664  2.69117
0.862457 2.00886  2.69377
0.860761 2.01109  2.69636
0.859065 2.01331  2.69895
0.857354 2.01555  2.70153
0.85564 2.01779  2.70412
0.853927 2.02003  2.70669
0.852199 2.02228  2.70927
0.850468 2.02453  2.71184
0.848728 2.02678  2.71441
0.846986 2.02905  2.71697
0.845244 2.03131  2.71953
0.843486 2.03358  2.72208
0.841727 2.03585  2.72463
0.839967 2.03813  2.72718
0.838192 2.04042  2.72972
0.836414 2.0427  2.73226
0.834627 2.04499  2.7348
0.832837 2.04729  2.73733
0.831037 2.04959  2.73985
0.829236 2.0519  2.74237
0.827424 2.05421  2.74489
0.82561 2.05652  2.74741
0.823786 2.05884  2.74992
0.82196 2.06117  2.75242
0.820123 2.06349  2.75492
0.818285 2.06583  2.75742
0.816435 2.06817  2.75991
0.814584 2.07051  2.7624
0.812734 2.07286  2.76488
0.810866 2.07521  2.76736
0.808996 2.07756  2.76984
0.807115 2.07992  2.77231
0.805232 2.08229  2.77478
0.803338 2.08466  2.77724
0.801437 2.08703  2.7797
0.799535 2.08941  2.78215
0.797633 2.0918  2.7846
0.795713 2.09419  2.78704
0.793791 2.09658  2.78948
0.791857 2.09898  2.79191
0.789921 2.10138  2.79434
0.787986 2.10379  2.79677
0.786033 2.1062  2.79919
0.784077 2.10862  2.80161
0.782109 2.11104  2.80402
0.780139 2.11347  2.80642
0.77817 2.1159  2.80883
0.776181 2.11834  2.81122
0.774191 2.12078  2.81361
0.772188 2.12322  2.816
0.770183 2.12567  2.81838
0.768179 2.12813  2.82076
0.766155 2.13059  2.82313
0.764128 2.13305  2.8255
0.762102 2.13552  2.82786
0.760057 2.138  2.83022
0.758008 2.14048  2.83257
0.75596 2.14296  2.83492
0.753892 2.14545  2.83726
0.751821 2.14794  2.8396
0.749738 2.15044  2.84193
0.747652 2.15295  2.84426
0.745567 2.15545  2.84658
0.743461 2.15797  2.8489
0.741352 2.16049  2.85121
0.73923 2.16301  2.85351
0.737105 2.16554  2.85581
0.734968 2.16807  2.85811
0.732828 2.17061  2.8604
0.730688 2.17315  2.86268
0.728527 2.1757  2.86496
0.726363 2.17825  2.86723
0.7242 2.18081  2.8695
0.722015 2.18337  2.87176
0.719827 2.18594  2.87402
0.717639 2.18851  2.87627
0.715429 2.19109  2.87852
0.713216 2.19367  2.88076
0.711003 2.19626  2.88299
0.708767 2.19885  2.88522
0.706529 2.20145  2.88744
0.704291 2.20405  2.88966
0.70203 2.20666  2.89187
0.699765 2.20927  2.89407
0.697501 2.21189  2.89627
0.695213 2.21451  2.89846
0.692922 2.21714  2.90065
0.690632 2.21977  2.90283
0.688318 2.2224  2.90501
0.686 2.22505  2.90717
0.683666 2.22769  2.90934
0.68133 2.23035  2.91149
0.678995 2.233  2.91364
0.676634 2.23567  2.91579
0.674271 2.23833  2.91792
0.671908 2.24101  2.92006
0.669519 2.24368  2.92218
0.667126 2.24637  2.9243
0.664735 2.24906  2.92641
0.662317 2.25175  2.92852
0.659896 2.25445  2.93062
0.657475 2.25715  2.93271
0.655028 2.25986  2.9348
0.652577 2.26257  2.93688
0.650127 2.26529  2.93895
0.647649 2.26801  2.94101
0.645167 2.27074  2.94307
0.642687 2.27348  2.94513
0.640178 2.27621  2.94717
0.637666 2.27896  2.94921
0.635155 2.28171  2.95124
0.632624 2.28446  2.95327
0.630091 2.28722  2.95529
0.627529 2.28999  2.9573
0.624963 2.29276  2.9593
0.622398 2.29553  2.9613
0.619803 2.29831  2.96329
0.617204 2.3011  2.96527
0.614607 2.30389  2.96725
0.611978 2.30668  2.96922
0.609345 2.30948  2.97118
0.606714 2.31229  2.97313
0.604051 2.3151  2.97508
0.601384 2.31792  2.97701
0.598697 2.32074  2.97895
0.596006 2.32356  2.98087
0.593295 2.3264  2.98279
0.590581 2.32923  2.98469
0.587868 2.33208  2.98659
0.585122 2.33492  2.98849
0.582372 2.33778  2.99037
0.579623 2.34063  2.99225
0.576839 2.3435  2.99412
0.574051 2.34637  2.99598
0.571265 2.34924  2.99783
0.568443 2.35212  2.99968
0.565616 2.355  3.00151
0.562768 2.35789  3.00334
0.559915 2.36079  3.00516
0.557064 2.36368  3.00698
0.554176 2.36659  3.00878
0.551284 2.3695  3.01058
0.548368 2.37241  3.01236
0.545449 2.37534  3.01414
0.542505 2.37826  3.01591
0.539558 2.38119  3.01767
0.536587 2.38413  3.01943
0.533612 2.38707  3.02117
0.530638 2.39002  3.02291
0.527624 2.39297  3.02463
0.524606 2.39592  3.02635
0.521562 2.39889  3.02806
0.518514 2.40185  3.02976
0.51544 2.40483  3.03145
0.512362 2.4078  3.03313
0.509286 2.41079  3.0348
0.506167 2.41378  3.03647
0.503043 2.41677  3.03812
0.49992 2.41977  3.03977
0.496754 2.42277  3.0414
0.493582 2.42578  3.04303
0.490411 2.4288  3.04464
0.487196 2.43181  3.04625
0.483974 2.43484  3.04785
0.480724 2.43787  3.04943
0.477469 2.4409  3.05101
0.474216 2.44394  3.05258
0.470916 2.44699  3.05413
0.467609 2.45004  3.05568
0.464305 2.45309  3.05722
0.460951 2.45615  3.05875
0.457591 2.45922  3.06026
0.454234 2.46229  3.06177
0.450825 2.46537  3.06327
0.44741 2.46845  3.06475
0.443963 2.47153  3.06623
0.440511 2.47463  3.06769
0.43706 2.47772  3.06914
0.433556 2.48082  3.07059
0.430046 2.48393  3.07202
0.426538 2.48704  3.07344
0.422975 2.49016  3.07485
0.419405 2.49328  3.07625
0.415836 2.49641  3.07764
0.412211 2.49954  3.07901
0.408579 2.50267  3.08038
0.404949 2.50582  3.08173
0.40126 2.50896  3.08308
0.397563 2.51211  3.08441
0.393869 2.51527  3.08573
0.390114 2.51843  3.08703
0.386351 2.5216  3.08833
0.382549 2.52477  3.08961
0.378741 2.52794  3.09089
0.374935 2.53113  3.09215
0.371065 2.53431  3.09339
0.367186 2.5375  3.09463
0.363311 2.5407  3.09585
0.359368 2.5439  3.09706
0.355416 2.5471  3.09826
0.351468 2.55031  3.09944
0.34745 2.55353  3.10062
0.343422 2.55675  3.10178
0.339398 2.55997  3.10292
0.335325 2.5632  3.10405
0.331247 2.56643  3.10517
0.327096 2.56967  3.10628
0.322935 2.57291  3.10738
0.318777 2.57616  3.10846
0.314542 2.57941  3.10952
0.310297 2.58267  3.11057
0.306055 2.58593  3.11161
0.301734 2.58919  3.11264
0.297402 2.59246  3.11365
0.293073 2.59574  3.11464
0.288661 2.59902  3.11563
0.284238 2.6023  3.11659
0.279818 2.60559  3.11755
0.275312 2.60888  3.11849
0.270794 2.61217  3.11941
0.26622 2.61547  3.12032
0.261638 2.61878  3.12121
0.256998 2.62208  3.12209
0.252319 2.6254  3.12295
0.247638 2.62871  3.1238
0.242896 2.63203  3.12463
0.238145 2.63536  3.12545
0.233397 2.63869  3.12625
0.228551 2.64202  3.12704
0.223691 2.64535  3.1278
0.218836 2.64869  3.12856
0.213875 2.65204  3.12929
0.2089 2.65538  3.13001
0.20393 2.65873  3.13071
0.19885 2.66209  3.1314
0.193755 2.66545  3.13207
0.188665 2.66881  3.13272
0.183459 2.67217  3.13335
0.178237 2.67554  3.13397
0.173021 2.67891  3.13457
0.167724 2.68229  3.13515
0.162416 2.68566  3.13572
0.156986 2.68904  3.13626
0.151537 2.69243  3.13679
0.146095 2.69581  3.1373
0.14052 2.6992  3.13779
0.134929 2.70259  3.13826
0.129342 2.70599  3.13871
0.123617 2.70939  3.13914
0.117873 2.71279  3.13956
0.112135 2.71619  3.13995
0.106251 2.71959  3.14033
0.100347 2.723  3.14068
0.0944496 2.72641  3.14101
0.0883969 2.72982  3.14133
0.0823237 2.73323  3.14162
0.0762571 2.73665  3.14189
0.0700265 2.74006  3.14215
0.063774 2.74348  3.14238
0.0575286 2.7469  3.14258
0.0511092 2.75032  3.14277
0.0446666 2.75374  3.14294
0.0381109 2.75717  3.14308
0.0315357 2.76059  3.1432
0.0248446 2.76402  3.1433
0.0181344 2.76744  3.14337
0.0114303 2.77087  3.14343
0.00452954 2.7743  3.14345
-0.0023976 2.77772  3.14346
-0.00931614 2.78115  3.14344
-0.0162379 2.78458  3.1434
-0.0231588 2.788  3.14333
-0.0214107 2.79008  3.14328
-0.0184633 2.79104  3.14326
-0.0182484 2.79106  3.14326
-0.0182991 2.79107  3.14326
-0.0182955 2.79109  3.14326
-0.0183097 2.7911  3.14326
-0.0183181 2.79111  3.14326
-0.0183285 2.79113  3.14326
-0.0183385 2.79114  3.14326
-0.0183486 2.79115  3.14326
-0.0183585 2.79116  3.14326
-0.0183685 2.79117  3.14326
-0.0183785 2.79118  3.14326
-0.0183884 2.7912  3.14326
-0.0183985 2.79121  3.14326
-0.0184084 2.79122  3.14326
-0.0184181 2.79124  3.14326
-0.0184278 2.79125  3.14326
-0.0184375 2.79127  3.14326
-0.0184471 2.79128  3.14326
-0.0184567 2.7913  3.14326
-0.0184663 2.79131  3.14326
-0.018476 2.79132  3.14326
-0.0184857 2.79133  3.14326
-0.0184955 2.79135  3.14326
-0.0185053 2.79136  3.14325
-0.0185152 2.79137  3.14325
-0.0185249 2.79138  3.14325
-0.0185347 2.79139  3.14325
-0.0185445 2.79141  3.14325
-0.0185542 2.79142  3.14325
-0.0185638 2.79144  3.14325
-0.0185734 2.79145  3.14325
-0.0185829 2.79146  3.14325
-0.0185925 2.79148  3.14325
-0.018602 2.79149  3.14325
-0.0186116 2.7915  3.14325
-0.0186212 2.79152  3.14325
-0.0186308 2.79153  3.14325
-0.0186405 2.79154  3.14325
-0.0186502 2.79155  3.14325
-0.0186599 2.79157  3.14325
-0.0186695 2.79158  3.14325
-0.0186792 2.79159  3.14325
-0.0186888 2.79161  3.14325
-0.0186984 2.79162  3.14325
-0.018708 2.79163  3.14325
-0.0187175 2.79165  3.14325
-0.018727 2.79166  3.14325
-0.0187365 2.79167  3.14325
-0.0187461 2.79169  3.14325
-0.0187556 2.7917  3.14325
-0.0187651 2.79171  3.14325
-0.0187747 2.79173  3.14325
-0.0187843 2.79174  3.14325
-0.0187939 2.79175  3.14325
-0.0188035 2.79176  3.14325
-0.018813 2.79178  3.14325
-0.0188226 2.79179  3.14324
-0.0188322 2.7918  3.14324
-0.0188417 2.79182  3.14324
-0.0188512 2.79183  3.14324
-0.0188607 2.79184  3.14324
-0.0188701 2.79186  3.14324
-0.0188796 2.79187  3.14324
-0.0188891 2.79188  3.14324
-0.0188985 2.7919  3.14324
-0.018908 2.79191  3.14324
-0.0189175 2.79192  3.14324
-0.018927 2.79193  3.14324
-0.0189365 2.79195  3.14324
-0.018946 2.79196  3.14324
-0.0189554 2.79197  3.14324
-0.0189649 2.79199  3.14324
-0.0189744 2.792  3.14324
-0.0189838 2.79201  3.14324
-0.0189933 2.79203  3.14324
-0.0190027 2.79204  3.14324
-0.0190121 2.79205  3.14324
-0.0190215 2.79207  3.14324
-0.0190309 2.79208  3.14324
-0.0190403 2.79209  3.14324
-0.0190497 2.7921  3.14324
-0.0190591 2.79212  3.14324
-0.0190685 2.79213  3.14324
-0.0190779 2.79214  3.14324
-0.0190873 2.79216  3.14324
-0.0190967 2.79217  3.14324
-0.019106 2.79218  3.14324
-0.0191154 2.7922  3.14324
-0.0191248 2.79221  3.14324
-0.0191341 2.79222  3.14324
-0.0191434 2.79224  3.14324
-0.0191528 2.79225  3.14324
-0.0191621 2.79226  3.14324
-0.0191714 2.79227  3.14324
-0.0191807 2.79229  3.14324
-0.01919 2.7923  3.14324
-0.0191993 2.79231  3.14324
-0.0192086 2.79233  3.14323
-0.0192179 2.79234  3.14323
-0.0192272 2.79235  3.14323
-0.0192365 2.79237  3.14323
-0.0192458 2.79238  3.14323
-0.019255 2.79239  3.14323
-0.0192643 2.79241  3.14323
-0.0192736 2.79242  3.14323
-0.0192828 2.79243  3.14323
-0.019292 2.79245  3.14323
-0.0193013 2.79246  3.14323
-0.0193105 2.79247  3.14323
-0.0193197 2.79248  3.14323
-0.0193289 2.7925  3.14323
-0.0193381 2.79251  3.14323
-0.0193473 2.79252  3.14323
-0.0193566 2.79254  3.14323
-0.0193658 2.79255  3.14323
-0.0193749 2.79256  3.14323
-0.0193841 2.79258  3.14323
-0.0193933 2.79259  3.14323
-0.0194025 2.7926  3.14323
-0.0194116 2.79262  3.14323
-0.0194208 2.79263  3.14323
-0.0194299 2.79264  3.14323
-0.0194391 2.79265  3.14323
-0.0194482 2.79267  3.14323
-0.0194573 2.79268  3.14323
-0.0194665 2.79269  3.14323
-0.0194756 2.79271  3.14323
-0.0194847 2.79272  3.14323
-0.0194938 2.79273  3.14323
-0.0195029 2.79275  3.14323
-0.019512 2.79276  3.14323
-0.0195211 2.79277  3.14323
-0.0195302 2.79279  3.14323
-0.0195393 2.7928  3.14323
-0.0195483 2.79281  3.14323
-0.0195574 2.79283  3.14323
-0.0195665 2.79284  3.14322
-0.0195755 2.79285  3.14322
-0.0195845 2.79286  3.14322
-0.0195936 2.79288  3.14322
-0.0196027 2.79289  3.14322
-0.0196117 2.7929  3.14322
-0.0196207 2.79292  3.14322
-0.0196297 2.79293  3.14322
-0.0196387 2.79294  3.14322
-0.0196477 2.79296  3.14322
-0.0196567 2.79297  3.14322
-0.0196657 2.79298  3.14322
-0.0196747 2.793  3.14322
-0.0196837 2.79301  3.14322
-0.0196927 2.79302  3.14322
-0.0197016 2.79304  3.14322
-0.0197106 2.79305  3.14322
-0.0197196 2.79306  3.14322
-0.0197285 2.79307  3.14322
-0.0197375 2.79309  3.14322
-0.0197464 2.7931  3.14322
-0.0197554 2.79311  3.14322
-0.0197643 2.79313  3.14322
-0.0197732 2.79314  3.14322
-0.0197821 2.79315  3.14322
-0.0197911 2.79317  3.14322
-0.0197999 2.79318  3.14322
-0.0198088 2.79319  3.14322
-0.0198177 2.79321  3.14322
-0.0198266 2.79322  3.14322
-0.0198355 2.79323  3.14322
-0.0198444 2.79325  3.14322
-0.0198533 2.79326  3.14322
-0.0198621 2.79327  3.14322
-0.019871 2.79328  3.14322
-0.0198799 2.7933  3.14322
-0.0198887 2.79331  3.14322
-0.0198976 2.79332  3.14322
-0.0199064 2.79334  3.14321
-0.0199152 2.79335  3.14321
-0.0199241 2.79336  3.14321
-0.0199329 2.79338  3.14321
-0.0199417 2.79339  3.14321
-0.0199505 2.7934  3.14321
-0.0199593 2.79342  3.14321
-0.0199681 2.79343  3.14321
-0.0199769 2.79344  3.14321
-0.0199857 2.79345  3.14321
-0.0199944 2.79347  3.14321
-0.0200032 2.79348  3.14321
-0.020012 2.79349  3.14321
-0.0200207 2.79351  3.14321
-0.0200295 2.79352  3.14321
-0.0200383 2.79353  3.14321
-0.020047 2.79355  3.14321
-0.0200557 2.79356  3.14321
-0.0200645 2.79357  3.14321
-0.0200732 2.79359  3.14321
-0.0200819 2.7936  3.14321
-0.0200906 2.79361  3.14321
-0.0200993 2.79363  3.14321
-0.020108 2.79364  3.14321
-0.0201167 2.79365  3.14321
-0.0201254 2.79366  3.14321
-0.0201341 2.79368  3.14321
-0.0201428 2.79369  3.14321
-0.0201514 2.7937  3.14321
-0.0201601 2.79372  3.14321
-0.0201688 2.79373  3.14321
-0.0201774 2.79374  3.14321
-0.0201861 2.79376  3.14321
-0.0201948 2.79377  3.14321
-0.0202034 2.79378  3.14321
-0.020212 2.7938  3.14321
-0.0202207 2.79381  3.14321
-0.0202293 2.79382  3.14321
-0.0202379 2.79384  3.1432
-0.0202465 2.79385  3.1432
-0.0202551 2.79386  3.1432
-0.0202637 2.79387  3.1432
-0.0202723 2.79389  3.1432
-0.0202809 2.7939  3.1432
-0.0202895 2.79391  3.1432
-0.0202981 2.79393  3.1432
-0.0203066 2.79394  3.1432
-0.0203152 2.79395  3.1432
-0.0203238 2.79397  3.1432
-0.0203323 2.79398  3.1432
-0.0203409 2.79399  3.1432
-0.0203494 2.79401  3.1432
-0.0203579 2.79402  3.1432
-0.0203665 2.79403  3.1432
-0.020375 2.79405  3.1432
-0.0203835 2.79406  3.1432
-0.020392 2.79407  3.1432
-0.0204005 2.79409  3.1432
-0.020409 2.7941  3.1432
-0.0204175 2.79411  3.1432
-0.020426 2.79412  3.1432
-0.0204345 2.79414  3.1432
-0.020443 2.79415  3.1432
-0.0204515 2.79416  3.1432
-0.0204599 2.79418  3.1432
-0.0204684 2.79419  3.1432
-0.0204769 2.7942  3.1432
-0.0204853 2.79422  3.1432
-0.0204937 2.79423  3.1432
-0.0205022 2.79424  3.1432
-0.0205106 2.79426  3.1432
-0.0205191 2.79427  3.1432
-0.0205275 2.79428  3.1432
-0.0205359 2.7943  3.1432
-0.0205443 2.79431  3.1432
-0.0205527 2.79432  3.14319
-0.0205611 2.79433  3.14319
-0.0205695 2.79435  3.14319
-0.0205779 2.79436  3.14319
-0.0205863 2.79437  3.14319
-0.0205947 2.79439  3.14319
-0.0206031 2.7944  3.14319
-0.0206114 2.79441  3.14319
-0.0206198 2.79443  3.14319
-0.0206282 2.79444  3.14319
-0.0206365 2.79445  3.14319
-0.0206448 2.79447  3.14319
-0.0206532 2.79448  3.14319
-0.0206615 2.79449  3.14319
-0.0206698 2.79451  3.14319
-0.0206782 2.79452  3.14319
-0.0206865 2.79453  3.14319
-0.0206948 2.79454  3.14319
-0.0207031 2.79456  3.14319
-0.0207114 2.79457  3.14319
-0.0207197 2.79458  3.14319
-0.020728 2.7946  3.14319
-0.0207363 2.79461  3.14319
-0.0207445 2.79462  3.14319
-0.0207528 2.79464  3.14319
-0.0207611 2.79465  3.14319
-0.0207693 2.79466  3.14319
-0.0207776 2.79468  3.14319
-0.0207859 2.79469  3.14319
-0.0207941 2.7947  3.14319
-0.0208023 2.79472  3.14319
-0.0208106 2.79473  3.14319
-0.0208188 2.79474  3.14319
-0.020827 2.79476  3.14319
-0.0208353 2.79477  3.14319
-0.0208434 2.79478  3.14319
-0.0208517 2.79479  3.14318
-0.0208599 2.79481  3.14318
-0.020868 2.79482  3.14318
-0.0208762 2.79483  3.14318
-0.0208844 2.79485  3.14318
-0.0208926 2.79486  3.14318
-0.0209008 2.79487  3.14318
-0.020909 2.79489  3.14318
-0.0209171 2.7949  3.14318
-0.0209253 2.79491  3.14318
-0.0209334 2.79493  3.14318
-0.0209416 2.79494  3.14318
-0.0209497 2.79495  3.14318
-0.0209578 2.79497  3.14318
-0.020966 2.79498  3.14318
-0.0209741 2.79499  3.14318
-0.0209822 2.795  3.14318
-0.0209903 2.79502  3.14318
-0.0209984 2.79503  3.14318
-0.0210065 2.79504  3.14318
-0.0210146 2.79506  3.14318
-0.0210227 2.79507  3.14318
-0.0210308 2.79508  3.14318
-0.0210389 2.7951  3.14318
-0.0210469 2.79511  3.14318
-0.021055 2.79512  3.14318
-0.0210631 2.79514  3.14318
-0.0210711 2.79515  3.14318
-0.0210792 2.79516  3.14318
-0.0210872 2.79518  3.14318
-0.0210953 2.79519  3.14318
-0.0211033 2.7952  3.14318
-0.0211113 2.79522  3.14318
-0.0211194 2.79523  3.14318
-0.0211274 2.79524  3.14318
-0.0211354 2.79525  3.14318
-0.0211434 2.79527  3.14317
-0.0211514 2.79528  3.14317
-0.0211594 2.79529  3.14317
-0.0211674 2.79531  3.14317
-0.0211754 2.79532  3.14317
-0.0211834 2.79533  3.14317
-0.0211913 2.79535  3.14317
-0.0211993 2.79536  3.14317
-0.0212073 2.79537  3.14317
-0.0212152 2.79539  3.14317
-0.0212232 2.7954  3.14317
-0.0212311 2.79541  3.14317
-0.0212391 2.79543  3.14317
-0.021247 2.79544  3.14317
-0.021255 2.79545  3.14317
-0.0212629 2.79547  3.14317
-0.0212708 2.79548  3.14317
-0.0212787 2.79549  3.14317
-0.0212866 2.7955  3.14317
-0.0212946 2.79552  3.14317
-0.0213024 2.79553  3.14317
-0.0213103 2.79554  3.14317
-0.0213182 2.79556  3.14317
-0.0213261 2.79557  3.14317
-0.021334 2.79558  3.14317
-0.0213419 2.7956  3.14317
-0.0213497 2.79561  3.14317
-0.0213576 2.79562  3.14317
-0.0213655 2.79564  3.14317
-0.0213733 2.79565  3.14317
-0.0213811 2.79566  3.14317
-0.021389 2.79568  3.14317
-0.0213968 2.79569  3.14317
-0.0214046 2.7957  3.14317
-0.0214125 2.79571  3.14317
-0.0214203 2.79573  3.14316
-0.0214281 2.79574  3.14316
-0.0214359 2.79575  3.14316
-0.0214437 2.79577  3.14316
-0.0214515 2.79578  3.14316
-0.0214593 2.79579  3.14316
-0.0214671 2.79581  3.14316
-0.0214749 2.79582  3.14316
-0.0214827 2.79583  3.14316
-0.0214904 2.79585  3.14316
-0.0214982 2.79586  3.14316
-0.021506 2.79587  3.14316
-0.0215137 2.79589  3.14316
-0.0215215 2.7959  3.14316
-0.0215292 2.79591  3.14316
-0.021537 2.79593  3.14316
-0.0215447 2.79594  3.14316
-0.0215524 2.79595  3.14316
-0.0215601 2.79596  3.14316
-0.0215679 2.79598  3.14316
-0.0215756 2.79599  3.14316
-0.0215833 2.796  3.14316
-0.021591 2.79602  3.14316
-0.0215987 2.79603  3.14316
-0.0216064 2.79604  3.14316
-0.021614 2.79606  3.14316
-0.0216217 2.79607  3.14316
-0.0216294 2.79608  3.14316
-0.0216371 2.7961  3.14316
-0.0216448 2.79611  3.14316
-0.0216524 2.79612  3.14316
-0.0216601 2.79614  3.14316
-0.0216677 2.79615  3.14316
-0.0216754 2.79616  3.14316
-0.021683 2.79618  3.14316
-0.0216906 2.79619  3.14315
-0.0216983 2.7962  3.14315
-0.0217059 2.79622  3.14315
-0.0217135 2.79623  3.14315
-0.0217211 2.79624  3.14315
-0.0217287 2.79625  3.14315
-0.0217363 2.79627  3.14315
-0.0217439 2.79628  3.14315
-0.0217515 2.79629  3.14315
-0.0217591 2.79631  3.14315
-0.0217667 2.79632  3.14315
-0.0217742 2.79633  3.14315
-0.0217818 2.79635  3.14315
-0.0217894 2.79636  3.14315
-0.0217969 2.79637  3.14315
-0.0218045 2.79639  3.14315
-0.0218121 2.7964  3.14315
-0.0218196 2.79641  3.14315
-0.0218272 2.79643  3.14315
-0.0218347 2.79644  3.14315
-0.0218422 2.79645  3.14315
-0.0218497 2.79647  3.14315
-0.0218573 2.79648  3.14315
-0.0218647 2.79649  3.14315
-0.0218723 2.7965  3.14315
-0.0218798 2.79652  3.14315
-0.0218873 2.79653  3.14315
-0.0218948 2.79654  3.14315
-0.0219023 2.79656  3.14315
-0.0219097 2.79657  3.14315
-0.0219172 2.79658  3.14315
-0.0219247 2.7966  3.14315
-0.0219321 2.79661  3.14315
-0.0219396 2.79662  3.14315
-0.0219471 2.79664  3.14315
-0.0219545 2.79665  3.14314
-0.021962 2.79666  3.14314
-0.0219694 2.79668  3.14314
-0.0219768 2.79669  3.14314
-0.0219843 2.7967  3.14314
-0.0219917 2.79672  3.14314
-0.0219991 2.79673  3.14314
-0.0220065 2.79674  3.14314
-0.022014 2.79675  3.14314
-0.0220213 2.79677  3.14314
-0.0220287 2.79678  3.14314
