0.00132736 0.00604218  -2.47748e-06
0.00133047 0.00605565  -2.46324e-06
0.00133354 0.00606917  -2.45068e-06
0.00133661 0.00608267  -2.43901e-06
0.00133973 0.00609616  -2.42642e-06
0.0013428 0.00610964  -2.41171e-06
0.00134586 0.00612315  -2.40054e-06
0.00134897 0.0061366  -2.38741e-06
0.00135206 0.0061501  -2.37294e-06
0.00135511 0.00616361  -2.36178e-06
0.00135821 0.00617707  -2.34849e-06
0.0013613 0.00619058  -2.33378e-06
0.00136436 0.00620408  -2.32205e-06
0.00136748 0.00621755  -2.30706e-06
0.00137056 0.00623107  -2.294e-06
0.00137363 0.00624457  -2.2816e-06
0.00137672 0.00625803  -2.26854e-06
0.00137982 0.00627151  -2.25307e-06
0.00138288 0.00628502  -2.24142e-06
0.00138598 0.00629848  -2.22816e-06
0.00138907 0.00631197  -2.21244e-06
0.00139213 0.00632547  -2.20041e-06
0.00139524 0.00633893  -2.18644e-06
0.00139833 0.00635244  -2.17113e-06
0.00140139 0.00636595  -2.15913e-06
0.0014045 0.00637941  -2.14499e-06
0.00140759 0.00639292  -2.12944e-06
0.00141066 0.00640643  -2.11688e-06
0.00141377 0.0064199  -2.10103e-06
0.00141713 0.00758935  -4.70168e-07
0.00142026 0.00991385  2.78951e-06
0.00488399 0.0130666  1.10018e-05
0.0114868 0.0164584  3.70189e-05
0.0182905 0.0198584  8.66157e-05
0.0250219 0.0232562  0.000158979
0.0317296 0.0266551  0.000254263
0.0384227 0.0300534  0.000372254
0.0451207 0.0334516  0.00051299
0.0517449 0.0368498  0.000676384
0.0583598 0.040247  0.000862184
0.0649781 0.0436434  0.00107043
0.0715234 0.0470386  0.00130102
0.0780592 0.0504315  0.00155367
0.0845981 0.0538222  0.00182843
0.0910646 0.0572105  0.00212523
0.0975214 0.0605957  0.00244377
0.103981 0.0639781  0.00278414
0.110369 0.0673582  0.0031463
0.116748 0.0707354  0.00352997
0.12313 0.0741103  0.00393524
0.12944 0.0774832  0.00436207
0.135742 0.0808537  0.00481017
0.142046 0.084222  0.0052796
0.14828 0.0875883  0.00577029
0.154505 0.0909516  0.00628192
0.160734 0.094312  0.00681452
0.166892 0.0976695  0.00736799
0.173041 0.101023  0.00794198
0.179193 0.104373  0.00853653
0.185276 0.107719  0.00915157
0.191349 0.11106  0.00978678
0.197381 0.114397  0.0104422
0.203405 0.11773  0.0111176
0.209431 0.121059  0.0118132
0.215389 0.124384  0.0125287
0.221338 0.127704  0.0132641
0.227291 0.13102  0.0140192
0.233175 0.134332  0.0147942
0.239051 0.13764  0.0155886
0.24493 0.140944  0.0164026
0.250742 0.144243  0.0172359
0.256545 0.147537  0.0180884
0.26235 0.150826  0.0189599
0.26809 0.15411  0.0198505
0.27382 0.157389  0.0207597
0.279553 0.160662  0.0216876
0.28522 0.163929  0.0226343
0.290879 0.167191  0.0235993
0.29654 0.170448  0.0245828
0.302136 0.173699  0.0255847
0.307723 0.176944  0.0266047
0.31327 0.180184  0.0276429
0.31881 0.183418  0.0286991
0.324311 0.186647  0.0297733
0.329805 0.18987  0.0308652
0.335301 0.193086  0.0319748
0.340733 0.196298  0.0331021
0.346157 0.199502  0.0342467
0.351583 0.2027  0.0354087
0.356946 0.205893  0.036588
0.362301 0.209078  0.0377843
0.367658 0.212257  0.0389975
0.372952 0.21543  0.0402279
0.378238 0.218596  0.0414748
0.383526 0.221755  0.0427385
0.388752 0.224908  0.044019
0.39397 0.228054  0.0453158
0.39915 0.231193  0.0466292
0.404323 0.234326  0.0479587
0.409498 0.237452  0.0493044
0.414612 0.240571  0.0506665
0.419718 0.243683  0.0520443
0.424827 0.246788  0.053438
0.429874 0.249886  0.0548477
0.434914 0.252977  0.0562727
0.439956 0.25606  0.0577134
0.444937 0.259136  0.0591696
0.449911 0.262205  0.060641
0.454887 0.265267  0.0621276
0.459803 0.268321  0.0636295
0.464711 0.271368  0.0651462
0.469622 0.274407  0.066678
0.474473 0.277439  0.0682248
0.479316 0.280464  0.0697861
0.484162 0.283481  0.0713622
0.488949 0.28649  0.0729529
0.493728 0.289492  0.0745579
0.49851 0.292486  0.0761773
0.503233 0.295473  0.0778111
0.507949 0.298451  0.0794588
0.512667 0.301422  0.0811205
0.517327 0.304386  0.0827963
0.52198 0.307341  0.0844857
0.526634 0.310288  0.0861889
0.531232 0.313228  0.0879058
0.535822 0.316159  0.0896361
0.540414 0.319083  0.0913799
0.54495 0.321999  0.0931373
0.549478 0.324906  0.0949076
0.553971 0.327806  0.0966913
0.558458 0.330698  0.0984879
0.562947 0.333582  0.100298
0.567381 0.336458  0.10212
0.571807 0.339325  0.103955
0.576235 0.342185  0.105803
0.580608 0.345036  0.107664
0.584973 0.34788  0.109537
0.589341 0.350715  0.111422
0.593654 0.353542  0.11332
0.597959 0.35636  0.11523
0.602267 0.359171  0.117152
0.60652 0.361973  0.119086
0.610766 0.364767  0.121032
0.615014 0.367553  0.12299
0.619208 0.37033  0.12496
0.623395 0.373099  0.126941
0.627585 0.37586  0.128934
0.63172 0.378613  0.130938
0.635849 0.381358  0.132954
0.63998 0.384094  0.134981
0.644057 0.386822  0.13702
0.648128 0.389541  0.139069
0.652201 0.392252  0.14113
0.656221 0.394955  0.143202
0.660235 0.39765  0.145284
0.664216 0.400336  0.147377
0.668192 0.403014  0.149481
0.672169 0.405683  0.151596
0.676095 0.408344  0.153721
0.680014 0.410997  0.155857
0.683935 0.413641  0.158003
0.687805 0.416278  0.160159
0.691668 0.418905  0.162325
0.695533 0.421525  0.164502
0.699348 0.424136  0.166689
0.703155 0.426738  0.168886
0.706965 0.429333  0.171092
0.710724 0.431919  0.173309
0.714477 0.434496  0.175535
0.718231 0.437066  0.177771
0.721936 0.439627  0.180017
0.725634 0.44218  0.182272
0.729334 0.444724  0.184536
0.732985 0.44726  0.18681
0.736629 0.449788  0.189093
0.740276 0.452307  0.191385
0.743873 0.454818  0.193687
0.747463 0.457321  0.195997
0.751056 0.459816  0.198317
0.7546 0.462302  0.200645
0.758138 0.46478  0.202982
0.761677 0.46725  0.205328
0.765169 0.469712  0.207683
0.768654 0.472165  0.210046
0.772141 0.47461  0.212418
0.775581 0.477047  0.214799
0.779014 0.479476  0.217187
0.782418 0.481897  0.219584
0.785817 0.484309  0.22199
0.789218 0.486713  0.224403
0.792572 0.489109  0.226825
0.795919 0.491497  0.229254
0.799269 0.493877  0.231692
0.802572 0.496249  0.234138
0.805869 0.498613  0.236591
0.809168 0.500968  0.239052
0.812421 0.503316  0.241522
0.815668 0.505656  0.243998
0.818886 0.507987  0.246483
0.8221 0.510311  0.248974
0.825315 0.512627  0.251473
0.828485 0.514934  0.25398
0.83165 0.517234  0.256494
0.834786 0.519526  0.259015
0.837918 0.52181  0.261544
0.841051 0.524086  0.264079
0.84414 0.526354  0.266622
0.847223 0.528614  0.269172
0.850307 0.530866  0.271728
0.853348 0.533111  0.274292
0.856383 0.535348  0.276862
0.859419 0.537577  0.27944
0.862412 0.539798  0.282024
0.865399 0.542012  0.284614
0.868387 0.544217  0.287212
0.871333 0.546416  0.289816
0.874272 0.548606  0.292426
0.877214 0.550789  0.295042
0.880112 0.552964  0.297666
0.883005 0.555132  0.300295
0.885871 0.557292  0.302931
0.888734 0.559444  0.305573
0.891597 0.561589  0.308221
0.894418 0.563726  0.310875
0.897234 0.565856  0.313535
0.900052 0.567979  0.316202
0.902827 0.570094  0.318874
0.905597 0.572201  0.321552
0.908369 0.574301  0.324236
0.9111 0.576394  0.326926
0.913825 0.57848  0.329621
0.916551 0.580558  0.332322
0.919237 0.582629  0.335029
0.921917 0.584692  0.337742
0.924599 0.586748  0.34046
0.92724 0.588798  0.343183
0.929876 0.59084  0.345912
0.932487 0.592874  0.348646
0.935094 0.594902  0.351386
0.937702 0.596922  0.35413
0.940271 0.598936  0.356881
0.942834 0.600942  0.359636
0.945398 0.602941  0.362396
0.947923 0.604934  0.365162
0.950443 0.606919  0.367932
0.952965 0.608897  0.370708
0.955447 0.610869  0.373489
0.957924 0.612833  0.376274
0.960403 0.614791  0.379064
0.962843 0.616742  0.38186
0.965278 0.618686  0.38466
0.967714 0.620623  0.387464
0.970112 0.622553  0.390274
0.972505 0.624477  0.393088
0.974875 0.626394  0.395907
0.97724 0.628304  0.39873
0.979607 0.630208  0.401557
0.981936 0.632105  0.40439
0.98426 0.633995  0.407226
0.986561 0.635879  0.410068
0.988858 0.637756  0.412913
0.991157 0.639627  0.415763
0.993418 0.641491  0.418617
0.995674 0.643349  0.421475
0.997932 0.645201  0.424337
1.00015 0.647046  0.427204
1.00237 0.648884  0.430075
1.00459 0.650717  0.43295
1.00677 0.652543  0.435829
1.00895 0.654362  0.438711
1.01112 0.656176  0.441598
1.01327 0.657983  0.444489
1.0154 0.659784  0.447384
1.01752 0.661579  0.450282
1.01962 0.663368  0.453184
1.02171 0.665151  0.456091
1.02379 0.666927  0.459
1.02586 0.668698  0.461914
1.02792 0.670463  0.464831
1.02996 0.672221  0.467752
1.03199 0.673974  0.470676
1.034 0.675721  0.473604
1.03601 0.677462  0.476536
1.038 0.679197  0.479471
1.03999 0.680926  0.482409
1.04195 0.68265  0.485351
1.0439 0.684367  0.488297
1.04585 0.686079  0.491245
1.04777 0.687786  0.494197
1.0497 0.689486  0.497153
1.0516 0.691181  0.500111
1.0535 0.692871  0.503073
1.0554 0.694554  0.506038
1.05726 0.696233  0.509006
1.05913 0.697905  0.511978
1.06097 0.699572  0.514952
1.06281 0.701234  0.51793
1.06464 0.70289  0.52091
1.06645 0.704541  0.523894
1.06825 0.706186  0.526881
1.07004 0.707827  0.52987
1.07181 0.709461  0.532863
1.07357 0.711091  0.535858
1.07533 0.712715  0.538857
1.07706 0.714334  0.541858
1.0788 0.715948  0.544862
1.08051 0.717556  0.547869
1.08222 0.71916  0.550878
1.08393 0.720758  0.553891
1.08561 0.722351  0.556906
1.08728 0.72394  0.559924
1.08896 0.725523  0.562944
1.09061 0.727101  0.565967
1.09226 0.728674  0.568993
1.09388 0.730242  0.572021
1.0955 0.731805  0.575052
1.09712 0.733364  0.578086
1.09871 0.734917  0.581122
1.10029 0.736466  0.58416
1.10186 0.73801  0.587201
1.10342 0.739549  0.590244
1.10498 0.741084  0.59329
1.10652 0.742613  0.596338
1.10804 0.744138  0.599388
1.10956 0.745659  0.602441
1.11106 0.747175  0.605496
1.11257 0.748686  0.608554
1.11405 0.750193  0.611614
1.11553 0.751695  0.614676
1.117 0.753192  0.61774
1.11845 0.754686  0.620806
1.11989 0.756174  0.623875
1.12132 0.757659  0.626945
1.12274 0.759139  0.630018
1.12416 0.760614  0.633093
1.12556 0.762086  0.63617
1.12695 0.763553  0.639249
1.12834 0.765015  0.64233
1.1297 0.766474  0.645414
1.13106 0.767928  0.648499
1.13242 0.769378  0.651586
1.13375 0.770824  0.654675
1.13508 0.772266  0.657766
1.13641 0.773704  0.660859
1.13772 0.775138  0.663955
1.13901 0.776567  0.667051
1.14031 0.777993  0.67015
1.14159 0.779415  0.673251
1.14285 0.780833  0.676353
1.1441 0.782247  0.679457
1.14535 0.783656  0.682563
1.14658 0.785063  0.685671
1.14781 0.786465  0.68878
1.14904 0.787863  0.691892
1.15025 0.789258  0.695005
1.15145 0.790649  0.698119
1.15263 0.792036  0.701236
1.15381 0.79342  0.704354
1.15497 0.7948  0.707473
1.15613 0.796176  0.710594
1.1573 0.797549  0.713717
1.15843 0.798918  0.716842
1.15956 0.800284  0.719968
1.1607 0.801646  0.723095
1.16181 0.803004  0.726224
1.16291 0.80436  0.729355
1.16401 0.805711  0.732487
1.16509 0.807059  0.735621
1.16617 0.808404  0.738756
1.16725 0.809746  0.741892
1.1683 0.811084  0.74503
1.16935 0.812419  0.74817
1.1704 0.81375  0.751311
1.17142 0.815079  0.754453
1.17244 0.816404  0.757596
1.17346 0.817726  0.760741
1.17446 0.819045  0.763888
1.17546 0.82036  0.767035
1.17645 0.821673  0.770184
1.17742 0.822982  0.773335
1.17839 0.824288  0.776486
1.17936 0.825592  0.779639
1.1803 0.826892  0.782793
1.18124 0.828189  0.785949
1.18217 0.829484  0.789105
1.18309 0.830775  0.792263
1.18402 0.832064  0.795422
1.18492 0.833349  0.798582
1.18581 0.834632  0.801744
1.18671 0.835912  0.804906
1.18759 0.83719  0.80807
1.18846 0.838464  0.811235
1.18933 0.839736  0.8144
1.19018 0.841005  0.817568
1.19103 0.842271  0.820736
1.19188 0.843535  0.823905
1.1927 0.844796  0.827075
1.19352 0.846054  0.830247
1.19433 0.84731  0.833419
1.19513 0.848563  0.836592
1.19592 0.849814  0.839767
1.19671 0.851062  0.842942
1.19749 0.852308  0.846119
1.19826 0.853551  0.849296
1.19902 0.854792  0.852475
1.19977 0.85603  0.855654
1.20052 0.857266  0.858834
1.20126 0.8585  0.862015
1.20198 0.859731  0.865198
1.20271 0.860961  0.868381
1.20342 0.862187  0.871565
1.20413 0.863412  0.874749
1.20484 0.864634  0.877935
1.20552 0.865854  0.881122
1.20621 0.867072  0.884309
1.20689 0.868288  0.887497
1.20756 0.869501  0.890686
1.20822 0.870713  0.893876
1.20888 0.871922  0.897067
1.20952 0.87313  0.900259
1.21016 0.874335  0.903451
1.2108 0.875538  0.906644
1.21142 0.876739  0.909838
1.21203 0.877938  0.913032
1.21264 0.879136  0.916228
1.21324 0.880331  0.919424
1.21384 0.881524  0.922621
1.21443 0.882716  0.925818
1.215 0.883906  0.929017
1.21557 0.885094  0.932215
1.21613 0.88628  0.935415
1.21669 0.887464  0.938615
1.21724 0.888647  0.941816
1.21778 0.889827  0.945018
1.21832 0.891006  0.94822
1.21885 0.892184  0.951423
1.21937 0.893359  0.954627
1.21988 0.894533  0.957831
1.22039 0.895706  0.961036
1.22089 0.896877  0.964241
1.22138 0.898046  0.967447
1.22187 0.899213  0.970654
1.22234 0.900379  0.973861
1.22281 0.901544  0.977069
1.22329 0.902707  0.980277
1.22374 0.903869  0.983486
1.22419 0.905029  0.986695
1.22464 0.906187  0.989905
1.22507 0.907345  0.993116
1.2255 0.908501  0.996327
1.22593 0.909655  0.999538
1.22634 0.910808  1.00275
1.22675 0.91196  1.00596
1.22716 0.913111  1.00918
1.22755 0.91426  1.01239
1.22794 0.915408  1.0156
1.22832 0.916555  1.01882
1.22869 0.9177  1.02203
1.22907 0.918845  1.02525
1.22943 0.919988  1.02846
1.22978 0.92113  1.03168
1.23014 0.922271  1.0349
1.23048 0.923411  1.03811
1.23081 0.92455  1.04133
1.23115 0.925687  1.04455
1.23147 0.926824  1.04777
1.23179 0.927959  1.05098
1.2321 0.929094  1.0542
1.2324 0.930228  1.05742
1.2327 0.93136  1.06064
1.233 0.932492  1.06386
1.23328 0.933623  1.06708
1.23356 0.934752  1.0703
1.23384 0.935881  1.07352
1.2341 0.937009  1.07674
1.23436 0.938137  1.07997
1.23462 0.939263  1.08319
1.23487 0.940389  1.08641
1.23511 0.941513  1.08963
1.23535 0.942637  1.09285
1.23558 0.943761  1.09608
1.2358 0.944883  1.0993
1.23603 0.946005  1.10252
1.23623 0.947126  1.10575
1.23644 0.948247  1.10897
1.23664 0.949366  1.1122
1.23683 0.950486  1.11542
1.23702 0.951604  1.11864
1.2372 0.952722  1.12187
1.23738 0.953839  1.12509
1.23755 0.954956  1.12832
1.23772 0.956073  1.13155
1.23787 0.957188  1.13477
1.23803 0.958304  1.138
1.23818 0.959418  1.14122
1.23832 0.960533  1.14445
1.23846 0.961647  1.14768
1.23859 0.96276  1.1509
1.23871 0.963873  1.15413
1.23884 0.964986  1.15736
1.23895 0.966098  1.16058
1.23905 0.96721  1.16381
1.23916 0.968322  1.16704
1.23926 0.969433  1.17026
1.23935 0.970544  1.17349
1.23944 0.971654  1.17672
1.23951 0.972765  1.17995
1.23959 0.973875  1.18318
1.23966 0.974985  1.1864
1.23972 0.976095  1.18963
1.23978 0.977204  1.19286
1.23984 0.978313  1.19609
1.23989 0.979423  1.19932
1.23993 0.980532  1.20254
1.23997 0.98164  1.20577
1.24 0.982749  1.209
1.24003 0.983858  1.21223
1.24005 0.984967  1.21546
1.24007 0.986075  1.21869
1.24008 0.987184  1.22191
1.24009 0.988292  1.22514
1.24009 0.9894  1.22837
1.24009 0.990509  1.2316
1.24007 0.991617  1.23483
1.24006 0.992726  1.23806
1.24003 0.993835  1.24129
1.24001 0.994943  1.24451
1.23998 0.996052  1.24774
1.23995 0.997161  1.25097
1.2399 0.99827  1.2542
1.23986 0.999379  1.25743
1.23981 1.00049  1.26066
1.23976 1.0016  1.26388
1.23969 1.00271  1.26711
1.23963 1.00382  1.27034
1.23956 1.00493  1.27357
1.23948 1.00604  1.2768
1.2394 1.00715  1.28003
1.23932 1.00826  1.28325
1.23923 1.00937  1.28648
1.23914 1.01048  1.28971
1.23904 1.01159  1.29294
1.23893 1.01271  1.29616
1.23883 1.01382  1.29939
1.23872 1.01493  1.30262
1.2386 1.01604  1.30585
1.23847 1.01716  1.30907
1.23835 1.01827  1.3123
1.23821 1.01939  1.31553
1.23808 1.0205  1.31875
1.23793 1.02162  1.32198
1.23779 1.02273  1.32521
1.23763 1.02385  1.32843
1.23748 1.02496  1.33166
1.23732 1.02608  1.33488
1.23715 1.0272  1.33811
1.23698 1.02832  1.34134
1.23682 1.02944  1.34456
1.23664 1.03056  1.34779
1.23645 1.03168  1.35101
1.23626 1.0328  1.35424
1.23607 1.03392  1.35746
1.23588 1.03504  1.36068
1.23568 1.03616  1.36391
1.23547 1.03729  1.36713
1.23527 1.03841  1.37036
1.23505 1.03953  1.37358
1.23483 1.04066  1.3768
1.23462 1.04178  1.38003
1.23439 1.04291  1.38325
1.23416 1.04404  1.38647
1.23393 1.04517  1.38969
1.23368 1.0463  1.39292
1.23344 1.04743  1.39614
1.2332 1.04856  1.39936
1.23294 1.04969  1.40258
1.23269 1.05082  1.4058
1.23243 1.05195  1.40902
1.23216 1.05309  1.41224
1.23189 1.05422  1.41546
1.23162 1.05536  1.41868
1.23134 1.05649  1.4219
1.23106 1.05763  1.42512
1.23078 1.05877  1.42834
1.23049 1.05991  1.43156
1.2302 1.06105  1.43478
1.2299 1.06219  1.43799
1.2296 1.06333  1.44121
1.22929 1.06447  1.44443
1.22898 1.06562  1.44764
1.22867 1.06676  1.45086
1.22836 1.06791  1.45408
1.22803 1.06905  1.45729
1.22771 1.0702  1.46051
1.22738 1.07135  1.46372
1.22704 1.0725  1.46694
1.22671 1.07365  1.47015
1.22637 1.0748  1.47337
1.22602 1.07596  1.47658
1.22567 1.07711  1.47979
1.22533 1.07827  1.48301
1.22497 1.07942  1.48622
1.22461 1.08058  1.48943
1.22425 1.08174  1.49264
1.22388 1.0829  1.49585
1.2235 1.08406  1.49906
1.22313 1.08523  1.50227
1.22275 1.08639  1.50548
1.22237 1.08755  1.50869
1.22198 1.08872  1.5119
1.22159 1.08989  1.51511
1.2212 1.09106  1.51832
1.2208 1.09223  1.52153
1.22039 1.0934  1.52473
1.21999 1.09457  1.52794
1.21958 1.09575  1.53114
1.21917 1.09692  1.53435
1.21876 1.0981  1.53756
1.21833 1.09928  1.54076
1.21791 1.10046  1.54396
1.21749 1.10164  1.54717
1.21705 1.10282  1.55037
1.21662 1.104  1.55357
1.21619 1.10519  1.55678
1.21574 1.10637  1.55998
1.2153 1.10756  1.56318
1.21485 1.10875  1.56638
1.2144 1.10994  1.56958
1.21394 1.11113  1.57278
1.21349 1.11233  1.57598
1.21302 1.11352  1.57918
1.21256 1.11472  1.58238
1.21209 1.11591  1.58557
1.21162 1.11711  1.58877
1.21114 1.11831  1.59197
1.21066 1.11952  1.59516
1.21018 1.12072  1.59836
1.20969 1.12193  1.60155
1.2092 1.12313  1.60475
1.20871 1.12434  1.60794
1.20821 1.12555  1.61113
1.20771 1.12676  1.61432
1.20721 1.12798  1.61752
1.20671 1.12919  1.62071
1.20619 1.13041  1.6239
1.20568 1.13163  1.62709
1.20517 1.13285  1.63028
1.20465 1.13407  1.63347
1.20412 1.13529  1.63665
1.2036 1.13652  1.63984
1.20307 1.13775  1.64303
1.20253 1.13897  1.64621
1.202 1.1402  1.6494
1.20146 1.14144  1.65258
1.20092 1.14267  1.65577
1.20037 1.1439  1.65895
1.19982 1.14514  1.66213
1.19927 1.14638  1.66532
1.19871 1.14762  1.6685
1.19816 1.14886  1.67168
1.1976 1.15011  1.67486
1.19703 1.15135  1.67804
1.19646 1.1526  1.68122
1.19589 1.15385  1.68439
1.19532 1.1551  1.68757
1.19474 1.15635  1.69075
1.19416 1.15761  1.69392
1.19358 1.15887  1.6971
1.19299 1.16012  1.70027
1.1924 1.16138  1.70345
1.19181 1.16265  1.70662
1.19121 1.16391  1.70979
1.19061 1.16518  1.71296
1.19002 1.16645  1.71613
1.18941 1.16772  1.7193
1.1888 1.16899  1.72247
1.18819 1.17026  1.72564
1.18758 1.17154  1.72881
1.18696 1.17281  1.73197
1.18634 1.17409  1.73514
1.18572 1.17538  1.7383
1.18509 1.17666  1.74147
1.18447 1.17795  1.74463
1.18383 1.17923  1.74779
1.1832 1.18052  1.75096
1.18256 1.18181  1.75412
1.18192 1.18311  1.75728
1.18128 1.1844  1.76044
1.18064 1.1857  1.7636
1.17998 1.187  1.76675
1.17933 1.1883  1.76991
1.17868 1.18961  1.77307
1.17802 1.19091  1.77622
1.17736 1.19222  1.77938
1.1767 1.19353  1.78253
1.17603 1.19484  1.78568
1.17537 1.19616  1.78883
1.17469 1.19747  1.79199
1.17402 1.19879  1.79514
1.17334 1.20011  1.79829
1.17266 1.20144  1.80143
1.17198 1.20276  1.80458
1.17129 1.20409  1.80773
1.1706 1.20542  1.81087
1.16991 1.20675  1.81402
1.16922 1.20808  1.81716
1.16852 1.20942  1.8203
1.16782 1.21076  1.82345
1.16712 1.2121  1.82659
1.16641 1.21344  1.82973
1.1657 1.21478  1.83287
1.16499 1.21613  1.836
1.16428 1.21748  1.83914
1.16356 1.21883  1.84228
1.16284 1.22019  1.84541
1.16212 1.22154  1.84855
1.16139 1.2229  1.85168
1.16067 1.22426  1.85481
1.15993 1.22562  1.85794
1.1592 1.22699  1.86107
1.15847 1.22835  1.8642
1.15773 1.22972  1.86733
1.15699 1.2311  1.87046
1.15625 1.23247  1.87359
1.1555 1.23385  1.87671
1.15475 1.23523  1.87984
1.15399 1.23661  1.88296
1.15324 1.23799  1.88608
1.15248 1.23938  1.8892
1.15172 1.24077  1.89232
1.15096 1.24216  1.89544
1.1502 1.24355  1.89856
1.14943 1.24495  1.90168
1.14866 1.24634  1.90479
1.14789 1.24774  1.90791
1.14711 1.24915  1.91102
1.14633 1.25055  1.91413
1.14555 1.25196  1.91724
1.14477 1.25337  1.92035
1.14398 1.25478  1.92346
1.1432 1.2562  1.92657
1.1424 1.25761  1.92968
1.14161 1.25903  1.93279
1.14081 1.26046  1.93589
1.14001 1.26188  1.93899
1.13921 1.26331  1.9421
1.13841 1.26474  1.9452
1.1376 1.26617  1.9483
1.13679 1.2676  1.9514
1.13598 1.26904  1.9545
1.13517 1.27048  1.95759
1.13435 1.27192  1.96069
1.13353 1.27337  1.96378
1.13271 1.27482  1.96688
1.13188 1.27627  1.96997
1.13106 1.27772  1.97306
1.13023 1.27917  1.97615
1.1294 1.28063  1.97924
1.12856 1.28209  1.98232
1.12773 1.28355  1.98541
1.12689 1.28502  1.9885
1.12605 1.28649  1.99158
1.1252 1.28796  1.99466
1.12436 1.28943  1.99774
1.12351 1.29091  2.00082
1.12266 1.29239  2.0039
1.1218 1.29387  2.00698
1.12094 1.29535  2.01006
1.12008 1.29684  2.01313
1.11922 1.29833  2.0162
1.11836 1.29982  2.01928
1.11749 1.30131  2.02235
1.11662 1.30281  2.02542
1.11575 1.30431  2.02849
1.11488 1.30581  2.03155
1.114 1.30732  2.03462
1.11312 1.30882  2.03768
1.11224 1.31033  2.04075
1.11136 1.31185  2.04381
1.11047 1.31336  2.04687
1.10958 1.31488  2.04993
1.10869 1.3164  2.05299
1.1078 1.31793  2.05604
1.1069 1.31945  2.0591
1.106 1.32098  2.06215
1.10511 1.32251  2.0652
1.1042 1.32405  2.06825
1.1033 1.32559  2.0713
1.10239 1.32713  2.07435
1.10148 1.32867  2.0774
1.10057 1.33022  2.08044
1.09965 1.33177  2.08349
1.09873 1.33332  2.08653
1.09782 1.33487  2.08957
1.09689 1.33643  2.09261
1.09597 1.33799  2.09565
1.09504 1.33955  2.09869
1.09411 1.34112  2.10172
1.09318 1.34269  2.10476
1.09225 1.34426  2.10779
1.09131 1.34583  2.11082
1.09037 1.34741  2.11385
1.08943 1.34899  2.11688
1.08848 1.35057  2.1199
1.08753 1.35216  2.12293
1.08659 1.35374  2.12595
1.08564 1.35534  2.12898
1.08469 1.35693  2.132
1.08373 1.35853  2.13502
1.08277 1.36013  2.13803
1.08181 1.36173  2.14105
1.08085 1.36334  2.14406
1.07988 1.36494  2.14708
1.07891 1.36656  2.15009
1.07794 1.36817  2.1531
1.07697 1.36979  2.15611
1.076 1.37141  2.15911
1.07502 1.37303  2.16212
1.07404 1.37466  2.16512
1.07306 1.37629  2.16812
1.07207 1.37792  2.17112
1.07108 1.37955  2.17412
1.07009 1.38119  2.17712
1.0691 1.38283  2.18012
1.06811 1.38448  2.18311
1.06711 1.38612  2.1861
1.06611 1.38777  2.18909
1.06511 1.38943  2.19208
1.0641 1.39108  2.19507
1.0631 1.39274  2.19805
1.06209 1.3944  2.20104
1.06108 1.39607  2.20402
1.06006 1.39774  2.207
1.05905 1.39941  2.20998
1.05803 1.40108  2.21296
1.05701 1.40276  2.21593
1.05598 1.40444  2.21891
1.05496 1.40612  2.22188
1.05393 1.40781  2.22485
1.0529 1.4095  2.22782
1.05187 1.41119  2.23078
1.05083 1.41289  2.23375
1.0498 1.41458  2.23671
1.04876 1.41629  2.23968
1.04771 1.41799  2.24264
1.04667 1.4197  2.24559
1.04563 1.42141  2.24855
1.04457 1.42312  2.2515
1.04352 1.42484  2.25446
1.04247 1.42656  2.25741
1.04141 1.42828  2.26036
1.04035 1.43001  2.2633
1.0393 1.43174  2.26625
1.03823 1.43347  2.26919
1.03716 1.43521  2.27214
1.0361 1.43695  2.27508
1.03503 1.43869  2.27801
1.03395 1.44043  2.28095
1.03288 1.44218  2.28388
1.0318 1.44393  2.28682
1.03072 1.44569  2.28975
1.02964 1.44745  2.29268
1.02855 1.44921  2.2956
1.02746 1.45097  2.29853
1.02638 1.45274  2.30145
1.02528 1.45451  2.30437
1.02419 1.45628  2.30729
1.02309 1.45806  2.31021
1.02199 1.45984  2.31312
1.02089 1.46162  2.31604
1.01978 1.46341  2.31895
1.01867 1.4652  2.32186
1.01757 1.46699  2.32476
1.01645 1.46879  2.32767
1.01534 1.47059  2.33057
1.01422 1.47239  2.33347
1.0131 1.4742  2.33637
1.01198 1.47601  2.33927
1.01086 1.47782  2.34217
1.00973 1.47964  2.34506
1.0086 1.48146  2.34795
1.00747 1.48328  2.35084
1.00634 1.4851  2.35373
1.0052 1.48693  2.35661
1.00406 1.48876  2.3595
1.00292 1.4906  2.36238
1.00178 1.49244  2.36525
1.00063 1.49428  2.36813
0.999481 1.49613  2.37101
0.99833 1.49797  2.37388
0.997174 1.49983  2.37675
0.996017 1.50168  2.37962
0.994856 1.50354  2.38248
0.993695 1.5054  2.38535
0.992533 1.50727  2.38821
0.991365 1.50914  2.39107
0.990196 1.51101  2.39393
0.989027 1.51288  2.39678
0.987851 1.51476  2.39963
0.986675 1.51664  2.40248
0.985498 1.51853  2.40533
0.984315 1.52042  2.40818
0.983131 1.52231  2.41102
0.981947 1.52421  2.41387
0.980755 1.52611  2.41671
0.979564 1.52801  2.41954
0.978372 1.52991  2.42238
0.977173 1.53182  2.42521
0.975973 1.53373  2.42804
0.974774 1.53565  2.43087
0.973568 1.53757  2.4337
0.97236 1.53949  2.43652
0.971148 1.54142  2.43934
0.969936 1.54335  2.44216
0.968723 1.54528  2.44498
0.967504 1.54722  2.44779
0.966284 1.54916  2.4506
0.965064 1.5511  2.45341
0.963836 1.55305  2.45622
0.962608 1.555  2.45902
0.96138 1.55695  2.46183
0.960145 1.55891  2.46463
0.958909 1.56087  2.46742
0.957673 1.56283  2.47022
0.95643 1.5648  2.47301
0.955186 1.56677  2.4758
0.953942 1.56874  2.47859
0.952691 1.57072  2.48138
0.951439 1.5727  2.48416
0.950187 1.57469  2.48694
0.948928 1.57668  2.48972
0.947667 1.57867  2.49249
0.946408 1.58066  2.49527
0.945143 1.58266  2.49804
0.943877 1.58466  2.5008
0.942604 1.58667  2.50357
0.94133 1.58868  2.50633
0.940057 1.59069  2.50909
0.938776 1.59271  2.51185
0.937494 1.59473  2.51461
0.936212 1.59675  2.51736
0.934923 1.59878  2.52011
0.933633 1.60081  2.52285
0.932343 1.60284  2.5256
0.931045 1.60488  2.52834
0.929746 1.60692  2.53108
0.928448 1.60897  2.53382
0.927142 1.61101  2.53655
0.925835 1.61307  2.53928
0.924528 1.61512  2.54201
0.923213 1.61718  2.54474
0.921898 1.61924  2.54746
0.920583 1.62131  2.55018
0.919262 1.62338  2.5529
0.917941 1.62545  2.55562
0.916612 1.62753  2.55833
0.915282 1.62961  2.56104
0.913953 1.63169  2.56374
0.912615 1.63378  2.56645
0.911277 1.63587  2.56915
0.909938 1.63797  2.57185
0.908592 1.64007  2.57454
0.907245 1.64217  2.57724
0.905898 1.64428  2.57993
0.904543 1.64638  2.58262
0.903187 1.6485  2.5853
0.901831 1.65061  2.58798
0.900467 1.65274  2.59066
0.899102 1.65486  2.59334
0.897737 1.65699  2.59601
0.896364 1.65912  2.59868
0.89499 1.66125  2.60135
0.893617 1.66339  2.60401
0.892235 1.66554  2.60667
0.890852 1.66768  2.60933
0.889463 1.66983  2.61198
0.888074 1.67198  2.61464
0.886685 1.67414  2.61729
0.885288 1.6763  2.61993
0.88389 1.67847  2.62258
0.882492 1.68064  2.62522
0.881085 1.68281  2.62785
0.879678 1.68498  2.63049
0.87827 1.68716  2.63312
0.876854 1.68935  2.63575
0.875437 1.69153  2.63837
0.874021 1.69372  2.64099
0.872595 1.69592  2.64361
0.871169 1.69812  2.64623
0.869743 1.70032  2.64884
0.868308 1.70252  2.65145
0.866872 1.70473  2.65406
0.86543 1.70695  2.65666
0.863988 1.70916  2.65926
0.862545 1.71138  2.66186
0.861094 1.71361  2.66445
0.859642 1.71583  2.66704
0.85819 1.71807  2.66963
0.856729 1.7203  2.67221
0.855267 1.72254  2.67479
0.853806 1.72478  2.67737
0.852335 1.72703  2.67994
0.850863 1.72928  2.68251
0.849391 1.73154  2.68508
0.84791 1.7338  2.68764
0.846428 1.73606  2.6902
0.844946 1.73832  2.69276
0.843455 1.74059  2.69532
0.841963 1.74287  2.69787
0.840471 1.74514  2.70041
0.83897 1.74742  2.70296
0.837467 1.74971  2.7055
0.835965 1.752  2.70803
0.834453 1.75429  2.71057
0.83294 1.75659  2.7131
0.831421 1.75889  2.71562
0.829901 1.76119  2.71815
0.828381 1.7635  2.72067
0.826852 1.76581  2.72318
0.825321 1.76813  2.72569
0.823791 1.77045  2.7282
0.822251 1.77277  2.73071
0.82071 1.7751  2.73321
0.819169 1.77743  2.73571
0.817618 1.77976  2.7382
0.816066 1.7821  2.74069
0.814514 1.78444  2.74318
0.812952 1.78679  2.74567
0.811389 1.78914  2.74815
0.809826 1.7915  2.75062
0.808253 1.79385  2.75309
0.806678 1.79622  2.75556
0.805104 1.79858  2.75803
0.80352 1.80095  2.76049
0.801934 1.80333  2.76295
0.800349 1.8057  2.7654
0.798754 1.80809  2.76785
0.797156 1.81047  2.7703
0.795553 1.81286  2.77274
0.793948 1.81525  2.77518
0.792344 1.81765  2.77762
0.790729 1.82005  2.78005
0.789112 1.82246  2.78247
0.787496 1.82487  2.7849
0.78587 1.82728  2.78732
0.784242 1.8297  2.78973
0.782614 1.83212  2.79214
0.780975 1.83454  2.79455
0.779335 1.83697  2.79695
0.777695 1.8394  2.79935
0.776044 1.84184  2.80175
0.774392 1.84428  2.80414
0.77274 1.84672  2.80653
0.771077 1.84917  2.80891
0.769412 1.85163  2.81129
0.767748 1.85408  2.81367
0.766073 1.85654  2.81604
0.764396 1.85901  2.81841
0.762719 1.86147  2.82077
0.761031 1.86395  2.82313
0.759341 1.86642  2.82548
0.757644 1.8689  2.82783
0.755946 1.87139  2.83018
0.754248 1.87388  2.83252
0.752539 1.87637  2.83486
0.750828 1.87886  2.83719
0.749117 1.88137  2.83952
0.747394 1.88387  2.84185
0.74567 1.88638  2.84417
0.743946 1.88889  2.84649
0.742211 1.89141  2.8488
0.740473 1.89393  2.85111
0.738728 1.89645  2.85341
0.736981 1.89898  2.85571
0.735236 1.90151  2.858
0.733477 1.90405  2.86029
0.731717 1.90659  2.86258
0.729958 1.90913  2.86486
0.728185 1.91168  2.86714
0.726412 1.91423  2.86941
0.724638 1.91679  2.87168
0.722852 1.91935  2.87394
0.721064 1.92192  2.8762
0.719268 1.92448  2.87845
0.717471 1.92706  2.8807
0.715674 1.92963  2.88295
0.713864 1.93221  2.88519
0.712053 1.9348  2.88742
0.710242 1.93739  2.88965
0.708417 1.93998  2.89188
0.706591 1.94258  2.8941
0.704765 1.94518  2.89632
0.702926 1.94779  2.89853
0.701085 1.95039  2.90074
0.699244 1.95301  2.90294
0.69739 1.95563  2.90513
0.695534 1.95825  2.90733
0.693678 1.96087  2.90952
0.691809 1.9635  2.9117
0.689937 1.96614  2.91388
0.688066 1.96877  2.91605
0.686181 1.97142  2.91822
0.684294 1.97406  2.92038
0.682408 1.97671  2.92254
0.680507 1.97937  2.92469
0.678604 1.98202  2.92684
0.676702 1.98469  2.92898
0.674785 1.98735  2.93112
0.672866 1.99002  2.93325
0.670948 1.9927  2.93538
0.66902 1.99538  2.9375
0.667091 1.99806  2.93962
0.665146 2.00075  2.94173
0.6632 2.00344  2.94384
0.661254 2.00613  2.94594
0.659293 2.00883  2.94804
0.657331 2.01153  2.95013
0.655368 2.01424  2.95221
0.65339 2.01695  2.95429
0.65141 2.01967  2.95637
0.649431 2.02239  2.95844
0.647435 2.02511  2.9605
0.645438 2.02784  2.96256
0.643441 2.03057  2.96462
0.641429 2.03331  2.96666
0.639414 2.03605  2.96871
0.637399 2.0388  2.97074
0.635368 2.04154  2.97278
0.633336 2.0443  2.9748
0.631303 2.04705  2.97682
0.629254 2.04981  2.97884
0.627203 2.05258  2.98084
0.625153 2.05535  2.98285
0.623091 2.05812  2.98485
0.621028 2.0609  2.98684
0.618948 2.06368  2.98882
0.616865 2.06647  2.9908
0.614784 2.06926  2.99278
0.612684 2.07205  2.99475
0.610583 2.07485  2.99671
0.608482 2.07765  2.99867
0.606364 2.08046  3.00062
0.604243 2.08327  3.00256
0.602122 2.08608  3.0045
0.599984 2.0889  3.00644
0.597843 2.09173  3.00836
0.595703 2.09455  3.01028
0.593545 2.09738  3.0122
0.591384 2.10022  3.01411
0.589224 2.10306  3.01601
0.587045 2.1059  3.01791
0.584863 2.10875  3.0198
0.582683 2.1116  3.02168
0.580483 2.11446  3.02356
0.57828 2.11732  3.02543
0.576066 2.12018  3.0273
0.573849 2.12305  3.02916
0.571633 2.12592  3.03101
0.569398 2.1288  3.03286
0.56716 2.13168  3.0347
0.564923 2.13457  3.03653
0.562665 2.13746  3.03836
0.560405 2.14035  3.04018
0.558133 2.14325  3.04199
0.555858 2.14615  3.0438
0.55357 2.14905  3.0456
0.55128 2.15196  3.04739
0.548991 2.15488  3.04918
0.546681 2.1578  3.05096
0.544368 2.16072  3.05274
0.542056 2.16364  3.0545
0.539723 2.16657  3.05626
0.537386 2.16951  3.05802
0.535051 2.17245  3.05976
0.532693 2.17539  3.0615
0.530333 2.17834  3.06324
0.527973 2.18129  3.06496
0.525591 2.18424  3.06668
0.523206 2.1872  3.06839
0.520822 2.19017  3.0701
0.518415 2.19313  3.0718
0.516006 2.1961  3.07349
0.513597 2.19908  3.07517
0.511164 2.20206  3.07685
0.508729 2.20504  3.07852
0.506294 2.20803  3.08018
0.503836 2.21102  3.08183
0.501374 2.21402  3.08348
0.498913 2.21702  3.08512
0.496428 2.22002  3.08675
0.49394 2.22303  3.08838
0.491453 2.22604  3.08999
0.488949 2.22906  3.0916
0.486443 2.23208  3.09321
0.483912 2.2351  3.0948
0.481378 2.23813  3.09639
0.478845 2.24116  3.09797
0.476286 2.2442  3.09954
0.473723 2.24724  3.1011
0.471162 2.25028  3.10266
0.468574 2.25333  3.10421
0.465983 2.25638  3.10575
0.463393 2.25944  3.10728
0.460776 2.2625  3.1088
0.458155 2.26556  3.11032
0.455535 2.26863  3.11183
0.452888 2.2717  3.11333
0.450237 2.27478  3.11482
0.447588 2.27786  3.11631
0.444909 2.28094  3.11778
0.442228 2.28403  3.11925
0.439547 2.28712  3.12071
0.436838 2.29022  3.12216
0.434124 2.29332  3.1236
0.431412 2.29642  3.12504
0.42867 2.29953  3.12646
0.425925 2.30264  3.12788
0.42318 2.30576  3.12929
0.420405 2.30888  3.13069
0.417627 2.312  3.13208
0.414829 2.31513  3.13347
0.412028 2.31826  3.13484
0.409228 2.3214  3.1362
0.406396 2.32453  3.13756
0.403561 2.32768  3.13891
0.400727 2.33082  3.14025
0.39786 2.33397  3.14158
0.39499 2.33713  3.1429
0.39212 2.34029  3.14421
0.389218 2.34345  3.14551
0.386311 2.34661  3.14681
0.383405 2.34978  3.14809
0.380466 2.35295  3.14936
0.377522 2.35613  3.15063
0.374579 2.35931  3.15189
0.371601 2.3625  3.15313
0.368619 2.36568  3.15437
0.365638 2.36888  3.1556
0.362622 2.37207  3.15682
0.359601 2.37527  3.15803
0.356581 2.37847  3.15922
0.353524 2.38168  3.16041
0.350463 2.38489  3.16159
0.347403 2.3881  3.16276
0.344306 2.39132  3.16392
0.34119 2.39454  3.16507
0.338074 2.39776  3.16621
0.334959 2.40099  3.16734
0.331805 2.40422  3.16846
0.328646 2.40746  3.16957
0.325489 2.4107  3.17067
0.322292 2.41394  3.17176
0.31909 2.41719  3.17284
0.315889 2.42043  3.17391
0.312646 2.42369  3.17496
0.309399 2.42694  3.17601
0.306125 2.4302  3.17705
0.302847 2.43346  3.17807
0.29957 2.43673  3.17909
0.29625 2.44  3.18009
0.292925 2.44327  3.18109
0.289602 2.44655  3.18207
0.286234 2.44983  3.18304
0.28286 2.45311  3.184
0.279458 2.4564  3.18495
0.276051 2.45969  3.18589
0.272645 2.46298  3.18682
0.269194 2.46627  3.18773
0.265736 2.46957  3.18864
0.262281 2.47287  3.18953
0.258777 2.47618  3.19041
0.255267 2.47949  3.19128
0.251758 2.4828  3.19214
0.2482 2.48611  3.19299
0.244636 2.48943  3.19382
0.241073 2.49275  3.19464
0.237459 2.49607  3.19546
0.233839 2.4994  3.19625
0.230185 2.50273  3.19704
0.226527 2.50606  3.19782
0.22287 2.50939  3.19858
0.21916 2.51273  3.19933
0.215442 2.51607  3.20007
0.211727 2.51941  3.20079
0.207957 2.52276  3.20151
0.204179 2.52611  3.20221
0.200403 2.52946  3.2029
0.196569 2.53281  3.20357
0.192728 2.53617  3.20423
0.188851 2.53953  3.20488
0.184967 2.54289  3.20552
0.181085 2.54625  3.20614
0.177143 2.54962  3.20675
0.173193 2.55299  3.20735
0.169245 2.55636  3.20793
0.165235 2.55973  3.2085
0.161216 2.56311  3.20906
0.1572 2.56649  3.2096
0.153119 2.56987  3.21013
0.149029 2.57325  3.21065
0.144941 2.57663  3.21115
0.140786 2.58002  3.21164
0.136622 2.58341  3.21211
0.132415 2.5868  3.21257
0.128201 2.59019  3.21302
0.123988 2.59359  3.21345
0.119706 2.59698  3.21386
0.115414 2.60038  3.21426
0.111076 2.60378  3.21465
0.106731 2.60718  3.21502
0.102387 2.61058  3.21538
0.0979693 2.61399  3.21573
0.0935412 2.61739  3.21605
0.0890643 2.6208  3.21637
0.0845788 2.62421  3.21666
0.0800959 2.62762  3.21695
0.0755333 2.63103  3.21721
0.0709598 2.63445  3.21746
0.0663896 2.63786  3.2177
0.0617347 2.64128  3.21792
0.0570685 2.64469  3.21812
0.0524056 2.64811  3.21831
0.0476545 2.65153  3.21848
0.0428916 2.65495  3.21864
0.0381322 2.65837  3.21878
0.033281 2.66179  3.2189
0.0284174 2.66521  3.21901
0.0235575 2.66863  3.2191
0.0186019 2.67205  3.21917
0.0136333 2.67547  3.21923
0.0086687 2.67889  3.21927
0.00360418 2.68232  3.21929
-0.00147382 2.68574  3.21929
-0.00654776 2.68916  3.21928
-0.011726 2.69259  3.21925
-0.0169183 2.69601  3.2192
-0.0221776 2.69943  3.21913
-0.0274486 2.70285  3.21905
-0.0327162 2.70628  3.21895
-0.0380936 2.7097  3.21883
-0.0434857 2.71312  3.21869
-0.0488735 2.71654  3.21853
-0.0543791 2.71996  3.21836
-0.0599005 2.72337  3.21816
-0.0654172 2.72679  3.21795
-0.0710576 2.73021  3.21772
-0.0767146 2.73362  3.21746
-0.0823666 2.73704  3.21719
-0.0881486 2.74045  3.2169
-0.093948 2.74386  3.21659
-0.0997421 2.74727  3.21626
-0.105673 2.75067  3.21591
-0.111622 2.75408  3.21554
-0.117565 2.75748  3.21515
-0.123652 2.76088  3.21474
-0.129759 2.76427  3.21431
-0.135859 2.76767  3.21386
-0.142111 2.77106  3.21338
-0.148384 2.77445  3.21289
-0.154754 2.77784  3.21237
-0.161142 2.78122  3.21184
-0.167525 2.7846  3.21128
-0.174068 2.78797  3.2107
-0.180634 2.79135  3.21009
-0.187193 2.79471  3.20947
-0.193928 2.79808  3.20882
-0.200686 2.80144  3.20815
-0.207437 2.80479  3.20746
-0.214375 2.80814  3.20674
-0.221337 2.81149  3.206
-0.228293 2.81483  3.20524
-0.235446 2.81816  3.20445
-0.242626 2.82149  3.20364
-0.249798 2.82482  3.20281
-0.257181 2.82813  3.20195
-0.264592 2.83144  3.20107
-0.271994 2.83475  3.20016
-0.2794 2.83805  3.19923
-0.286805 2.84134  3.19827
-0.284071 2.84323  3.19771
-0.279956 2.84406  3.19747
-0.279635 2.84409  3.19747
-0.279743 2.8441  3.19746
-0.279765 2.84411  3.19746
-0.279815 2.84412  3.19746
-0.279856 2.84413  3.19745
-0.279899 2.84414  3.19745
-0.279942 2.84415  3.19745
-0.279986 2.84416  3.19744
-0.280029 2.84417  3.19744
-0.280072 2.84418  3.19744
-0.280115 2.84419  3.19744
-0.280157 2.8442  3.19743
-0.2802 2.84421  3.19743
-0.280243 2.84422  3.19742
-0.280286 2.84424  3.19742
-0.280329 2.84425  3.19742
-0.280371 2.84426  3.19741
-0.280414 2.84428  3.19741
-0.280456 2.84429  3.19741
-0.280499 2.8443  3.1974
-0.280542 2.84431  3.1974
-0.280584 2.84432  3.1974
-0.280627 2.84433  3.19739
-0.28067 2.84434  3.19739
-0.280713 2.84435  3.19739
-0.280755 2.84436  3.19738
-0.280798 2.84437  3.19738
-0.280841 2.84438  3.19738
-0.280883 2.8444  3.19737
-0.280926 2.84441  3.19737
-0.280968 2.84442  3.19737
-0.281011 2.84443  3.19736
-0.281053 2.84444  3.19736
-0.281095 2.84446  3.19736
-0.281138 2.84447  3.19735
-0.28118 2.84448  3.19735
-0.281223 2.84449  3.19735
-0.281265 2.8445  3.19734
-0.281308 2.84451  3.19734
-0.28135 2.84452  3.19734
-0.281393 2.84453  3.19734
-0.281435 2.84454  3.19733
-0.281477 2.84455  3.19733
-0.281519 2.84457  3.19733
-0.281562 2.84458  3.19732
-0.281604 2.84459  3.19732
-0.281646 2.8446  3.19732
-0.281688 2.84461  3.19731
-0.28173 2.84462  3.19731
-0.281773 2.84464  3.19731
-0.281815 2.84465  3.1973
-0.281857 2.84466  3.1973
-0.281899 2.84467  3.1973
-0.281941 2.84468  3.19729
-0.281983 2.84469  3.19729
-0.282025 2.8447  3.19729
-0.282067 2.84471  3.19728
-0.282109 2.84473  3.19728
-0.282151 2.84474  3.19728
-0.282193 2.84475  3.19727
