0.00377054 0.016573  2.24861e-05
0.0037737 0.0165865  2.25352e-05
0.00377684 0.0166  2.25852e-05
0.00378 0.0166134  2.26365e-05
0.00378313 0.0166269  2.26849e-05
0.00378631 0.0166404  2.27368e-05
0.00378946 0.0166539  2.27865e-05
0.00379258 0.0166674  2.28349e-05
0.00379576 0.0166808  2.28868e-05
0.0037989 0.0166943  2.29368e-05
0.00380204 0.0167078  2.2986e-05
0.00380522 0.0167213  2.30385e-05
0.00380836 0.0167348  2.30877e-05
0.0038115 0.0167483  2.31372e-05
0.00381467 0.0167617  2.31878e-05
0.00381782 0.0167752  2.32396e-05
0.00382095 0.0167887  2.32882e-05
0.00382412 0.0168021  2.3339e-05
0.00382727 0.0168156  2.33911e-05
0.0038304 0.0168291  2.34401e-05
0.00383358 0.0168426  2.34927e-05
0.00383673 0.0168561  2.3543e-05
0.00383985 0.0168696  2.35921e-05
0.00384303 0.016883  2.36448e-05
0.00384617 0.0168965  2.36954e-05
0.00384931 0.01691  2.37452e-05
0.0038525 0.0169235  2.37961e-05
0.00385563 0.016937  2.3849e-05
0.00385877 0.0169505  2.38982e-05
0.00386194 0.0169639  2.39496e-05
0.0038651 0.0169774  2.40021e-05
0.00386822 0.0169909  2.40513e-05
0.00387139 0.0170043  2.41028e-05
0.00387454 0.0170178  2.41556e-05
0.00387767 0.0170313  2.42053e-05
0.00388086 0.0170448  2.42585e-05
0.003884 0.0170583  2.43095e-05
0.00388713 0.0170718  2.43593e-05
0.00389032 0.0170852  2.44119e-05
0.00389346 0.0170987  2.44647e-05
0.00389659 0.0171122  2.45143e-05
0.00389976 0.0171257  2.45655e-05
0.00390292 0.0171391  2.46192e-05
0.00390604 0.0171526  2.46692e-05
0.00390922 0.0171661  2.47212e-05
0.00391262 0.0183355  2.92727e-05
0.0039158 0.0206599  3.83376e-05
0.0150637 0.0240031  6.45723e-05
0.0278995 0.0274017  0.000136258
0.0401317 0.0307833  0.00024904
0.0523951 0.0341697  0.000403802
0.0645718 0.0375524  0.000599684
0.0767767 0.0409337  0.000836838
0.0887059 0.0443139  0.00111499
0.100601 0.0476899  0.00143312
0.112508 0.0510628  0.00179141
0.124148 0.0544332  0.00218962
0.135753 0.0577975  0.0026266
0.14737 0.0611566  0.00310256
0.158725 0.0645107  0.00361724
0.170046 0.0678568  0.00416946
0.181378 0.0711958  0.00475948
0.192453 0.0745287  0.00538715
0.203495 0.0778526  0.00605126
0.214548 0.0811691  0.00675215
0.22535 0.084479  0.00748972
0.23612 0.08778  0.0082627
0.246738 0.0910744  0.00907151
0.25733 0.0943597  0.00991506
0.267772 0.0976377  0.0107937
0.27819 0.100906  0.0117062
0.288616 0.104165  0.0126529
0.298805 0.107416  0.0136337
0.308962 0.110656  0.0146469
0.31913 0.113885  0.0156931
0.329064 0.117104  0.016772
0.338967 0.12031  0.0178821
0.34888 0.123506  0.0190241
0.358564 0.126691  0.0201977
0.368218 0.129863  0.0214015
0.377882 0.133024  0.0226361
0.387322 0.136174  0.0239015
0.396733 0.139311  0.0251961
0.406008 0.142438  0.0265207
0.415261 0.145551  0.027874
0.424521 0.148653  0.0292563
0.433566 0.151742  0.0306675
0.442583 0.154819  0.0321061
0.45161 0.157882  0.0335725
0.460424 0.160933  0.0350668
0.469211 0.16397  0.0365872
0.47787 0.166994  0.0381345
0.486508 0.170003  0.0397074
0.495018 0.173  0.0413065
0.503508 0.175982  0.0429306
0.511872 0.178952  0.0445804
0.520216 0.181907  0.0462545
0.528436 0.184848  0.0479537
0.536637 0.187776  0.0496767
0.544844 0.190689  0.0514239
0.552856 0.193589  0.0531954
0.560844 0.196475  0.0549896
0.568839 0.199346  0.056807
0.576643 0.202203  0.0586476
0.584422 0.205046  0.0605098
0.592209 0.207874  0.0623942
0.599809 0.210688  0.0643008
0.607384 0.213486  0.0662281
0.614967 0.21627  0.0681767
0.622367 0.21904  0.0701468
0.629743 0.221795  0.0721367
0.637126 0.224535  0.074147
0.644331 0.227261  0.076178
0.651512 0.229972  0.0782281
0.6587 0.232669  0.0802978
0.665713 0.235351  0.0823873
0.672704 0.238018  0.084495
0.679701 0.240671  0.0866216
0.686527 0.24331  0.0887671
0.693332 0.245933  0.0909299
0.700142 0.248541  0.0931107
0.70684 0.251136  0.0953094
0.713524 0.253715  0.0975251
0.720048 0.256279  0.0997584
0.726549 0.258829  0.102008
0.733057 0.261365  0.104274
0.739403 0.263886  0.106557
0.745728 0.266392  0.108855
0.751956 0.268884  0.11117
0.758167 0.271362  0.1135
0.764383 0.273825  0.115845
0.770445 0.276274  0.118207
0.776487 0.278709  0.120582
0.782534 0.281129  0.122972
0.78843 0.283536  0.125377
0.794306 0.285927  0.127796
0.800188 0.288305  0.130229
0.805921 0.290669  0.132676
0.811634 0.293018  0.135137
0.817258 0.295354  0.137611
0.822867 0.297676  0.140098
0.82848 0.299984  0.142598
0.833951 0.302278  0.145111
0.839403 0.304558  0.147636
0.844861 0.306825  0.150174
0.850179 0.309078  0.152725
0.855478 0.311317  0.155287
0.860784 0.313543  0.157861
0.865952 0.315756  0.160448
0.871103 0.317955  0.163045
0.876259 0.320141  0.165653
0.881281 0.322313  0.168274
0.886286 0.324473  0.170904
0.891296 0.326619  0.173546
0.896175 0.328752  0.176199
0.901038 0.330872  0.178861
0.905905 0.33298  0.181534
0.910645 0.335074  0.184218
0.915368 0.337156  0.186911
0.920096 0.339225  0.189614
0.924699 0.341282  0.192328
0.929286 0.343326  0.19505
0.933878 0.345358  0.197782
0.938348 0.347377  0.200523
0.942802 0.349384  0.203273
0.947183 0.35138  0.206033
0.95155 0.353362  0.2088
0.955922 0.355333  0.211577
0.960177 0.357292  0.214362
0.964417 0.359239  0.217155
0.968661 0.361174  0.219957
0.972791 0.363098  0.222767
0.976905 0.36501  0.225585
0.981025 0.366911  0.228411
0.985032 0.3688  0.231245
0.989024 0.370677  0.234086
0.992949 0.372544  0.236935
0.996863 0.374399  0.239791
1.00078 0.376243  0.242654
1.00459 0.378077  0.245525
1.00839 0.379899  0.248402
1.01219 0.38171  0.251287
1.01588 0.383511  0.254179
1.01956 0.3853  0.257076
1.02318 0.38708  0.259981
1.02679 0.388849  0.262892
1.0304 0.390607  0.26581
1.0339 0.392355  0.268734
1.0374 0.394093  0.271664
1.0409 0.39582  0.2746
1.0443 0.397538  0.277542
1.04769 0.399245  0.28049
1.05108 0.400943  0.283444
1.05438 0.40263  0.286404
1.05766 0.404308  0.289369
1.06095 0.405976  0.29234
1.06414 0.407635  0.295316
1.06732 0.409284  0.298297
1.07051 0.410924  0.301284
1.0736 0.412554  0.304277
1.07668 0.414175  0.307274
1.07977 0.415787  0.310276
1.08276 0.41739  0.313283
1.08574 0.418983  0.316295
1.08873 0.420568  0.319311
1.09163 0.422144  0.322333
1.09452 0.423711  0.325359
1.09741 0.42527  0.32839
1.10021 0.42682  0.331425
1.10301 0.428361  0.334464
1.10575 0.429894  0.337508
1.10848 0.431419  0.340556
1.11122 0.432935  0.343608
1.11387 0.434443  0.346665
1.11651 0.435944  0.349725
1.11916 0.437435  0.35279
1.12173 0.43892  0.355858
1.12428 0.440396  0.35893
1.12684 0.441864  0.362006
1.12933 0.443325  0.365086
1.1318 0.444778  0.36817
1.13427 0.446223  0.371257
1.13667 0.447661  0.374348
1.13906 0.449091  0.377442
1.14145 0.450515  0.380539
1.14376 0.45193  0.38364
1.14607 0.453339  0.386744
1.14838 0.454741  0.389852
1.15062 0.456135  0.392963
1.15284 0.457523  0.396077
1.15507 0.458903  0.399194
1.15726 0.460277  0.402314
1.15943 0.461644  0.405437
1.16154 0.463004  0.408564
1.16364 0.464358  0.411693
1.16574 0.465705  0.414824
1.16777 0.467046  0.417959
1.1698 0.46838  0.421097
1.17183 0.469708  0.424237
1.17379 0.47103  0.42738
1.17574 0.472346  0.430526
1.1777 0.473655  0.433674
1.17959 0.474959  0.436825
1.18147 0.476256  0.439978
1.18335 0.477548  0.443134
1.18517 0.478834  0.446292
1.18699 0.480114  0.449453
1.1888 0.481388  0.452615
1.19056 0.482657  0.455781
1.1923 0.48392  0.458948
1.19405 0.485178  0.462118
1.19574 0.48643  0.46529
1.19742 0.487677  0.468464
1.1991 0.488918  0.47164
1.20073 0.490155  0.474819
1.20234 0.491386  0.477999
1.20396 0.492612  0.481181
1.20552 0.493833  0.484366
1.20708 0.495049  0.487552
1.2086 0.49626  0.49074
1.21011 0.497466  0.49393
1.21162 0.498668  0.497122
1.21309 0.499865  0.500316
1.21454 0.501057  0.503511
1.216 0.502244  0.506709
1.2174 0.503427  0.509908
1.21879 0.504605  0.513109
1.22019 0.505779  0.516311
1.22154 0.506949  0.519515
1.22288 0.508114  0.522721
1.22422 0.509275  0.525928
1.22552 0.510432  0.529137
1.22683 0.511585  0.532347
1.22808 0.512733  0.535559
1.22933 0.513878  0.538772
1.23058 0.515018  0.541987
1.23178 0.516155  0.545203
1.23297 0.517288  0.548421
1.23417 0.518416  0.55164
1.23531 0.519542  0.55486
1.23646 0.520663  0.558082
1.2376 0.521781  0.561305
1.2387 0.522895  0.564529
1.23979 0.524006  0.567754
1.24085 0.525113  0.570981
1.24191 0.526217  0.574209
1.24297 0.527317  0.577438
1.24399 0.528414  0.580669
1.245 0.529508  0.5839
1.24601 0.530598  0.587133
1.24698 0.531685  0.590366
1.24795 0.53277  0.593601
1.24891 0.533851  0.596837
1.24984 0.534929  0.600074
1.25075 0.536004  0.603312
1.25167 0.537076  0.606551
1.25255 0.538145  0.609791
1.25343 0.539211  0.613032
1.2543 0.540275  0.616273
1.25514 0.541335  0.619516
1.25596 0.542393  0.62276
1.25677 0.543449  0.626005
1.25757 0.544502  0.62925
1.25835 0.545552  0.632496
1.25912 0.5466  0.635743
1.2599 0.547645  0.638991
1.26063 0.548688  0.64224
1.26137 0.549728  0.64549
1.2621 0.550766  0.64874
1.2628 0.551802  0.651991
1.26349 0.552835  0.655243
1.26418 0.553866  0.658496
1.26484 0.554895  0.661749
1.2655 0.555922  0.665003
1.26615 0.556947  0.668258
1.26677 0.55797  0.671513
1.26739 0.55899  0.67477
1.268 0.560009  0.678026
1.26859 0.561026  0.681284
1.26917 0.56204  0.684542
1.26972 0.563053  0.6878
1.27028 0.564065  0.691059
1.27083 0.565074  0.694319
1.27136 0.566082  0.69758
1.27188 0.567087  0.70084
1.2724 0.568092  0.704102
1.27289 0.569094  0.707364
1.27337 0.570095  0.710626
1.27386 0.571095  0.713889
1.27431 0.572093  0.717153
1.27476 0.573089  0.720417
1.27522 0.574084  0.723681
1.27564 0.575078  0.726946
1.27606 0.57607  0.730211
1.27648 0.57706  0.733477
1.27687 0.57805  0.736743
1.27725 0.579038  0.740009
1.27764 0.580025  0.743276
1.278 0.581011  0.746544
1.27836 0.581995  0.749811
1.27871 0.582979  0.753079
1.27904 0.583961  0.756348
1.27937 0.584942  0.759617
1.27969 0.585923  0.762886
1.28 0.586902  0.766155
1.28031 0.58788  0.769425
1.28059 0.588857  0.772695
1.28086 0.589833  0.775966
1.28114 0.590809  0.779236
1.28139 0.591783  0.782507
1.28164 0.592757  0.785778
1.28189 0.59373  0.78905
1.28211 0.594702  0.792321
1.28234 0.595673  0.795593
1.28256 0.596644  0.798865
1.28275 0.597614  0.802138
1.28295 0.598583  0.80541
1.28314 0.599552  0.808683
1.28332 0.60052  0.811956
1.28348 0.601488  0.815229
1.28365 0.602455  0.818503
1.2838 0.603421  0.821776
1.28394 0.604387  0.82505
1.28408 0.605353  0.828324
1.28421 0.606318  0.831598
1.28432 0.607283  0.834872
1.28443 0.608247  0.838146
1.28453 0.609211  0.84142
1.28463 0.610175  0.844695
1.28471 0.611138  0.84797
1.28479 0.612102  0.851244
1.28487 0.613065  0.854519
1.28493 0.614027  0.857794
1.28499 0.61499  0.861069
1.28504 0.615952  0.864344
1.28508 0.616914  0.867619
1.28511 0.617876  0.870894
1.28515 0.618838  0.874169
1.28516 0.6198  0.877444
1.28516 0.620762  0.880719
1.28517 0.621724  0.883994
1.28517 0.622686  0.88727
1.28516 0.623648  0.890545
1.28514 0.62461  0.89382
1.28513 0.625572  0.897095
1.28509 0.626534  0.90037
1.28505 0.627496  0.903646
1.28502 0.628458  0.906921
1.28496 0.629421  0.910196
1.28491 0.630383  0.913471
1.28484 0.631346  0.916746
1.28477 0.632309  0.920021
1.2847 0.633272  0.923296
1.28461 0.634236  0.926571
1.28452 0.6352  0.929846
1.28443 0.636164  0.93312
1.28433 0.637128  0.936395
1.28422 0.638093  0.939669
1.28411 0.639058  0.942944
1.28399 0.640024  0.946218
1.28386 0.64099  0.949493
1.28374 0.641956  0.952767
1.28359 0.642923  0.956041
1.28345 0.643891  0.959315
1.28331 0.644858  0.962588
1.28315 0.645827  0.965862
1.28299 0.646795  0.969136
1.28283 0.647765  0.972409
1.28265 0.648735  0.975682
1.28247 0.649705  0.978955
1.2823 0.650676  0.982228
1.2821 0.651648  0.985501
1.28191 0.65262  0.988773
1.28172 0.653593  0.992045
1.28151 0.654567  0.995318
1.2813 0.655541  0.99859
1.28109 0.656516  1.00186
1.28087 0.657491  1.00513
1.28064 0.658468  1.0084
1.28041 0.659445  1.01168
1.28017 0.660423  1.01495
1.27994 0.661402  1.01822
1.27969 0.662381  1.02149
1.27944 0.663361  1.02476
1.27919 0.664342  1.02803
1.27892 0.665324  1.0313
1.27866 0.666307  1.03457
1.2784 0.667291  1.03784
1.27812 0.668276  1.04111
1.27784 0.669261  1.04437
1.27756 0.670247  1.04764
1.27727 0.671235  1.05091
1.27698 0.672223  1.05418
1.27669 0.673212  1.05745
1.27638 0.674203  1.06071
1.27608 0.675194  1.06398
1.27577 0.676186  1.06725
1.27545 0.677179  1.07051
1.27513 0.678174  1.07378
1.27482 0.679169  1.07705
1.27449 0.680165  1.08031
1.27415 0.681163  1.08358
1.27382 0.682161  1.08684
1.27348 0.683161  1.09011
1.27314 0.684162  1.09337
1.27279 0.685164  1.09663
1.27244 0.686167  1.0999
1.27208 0.687171  1.10316
1.27172 0.688176  1.10642
1.27136 0.689183  1.10969
1.27099 0.690191  1.11295
1.27062 0.6912  1.11621
1.27024 0.69221  1.11947
1.26987 0.693221  1.12273
1.26948 0.694234  1.12599
1.2691 0.695248  1.12925
1.26871 0.696263  1.13251
1.26831 0.697279  1.13577
1.26792 0.698297  1.13903
1.26752 0.699316  1.14229
1.26711 0.700336  1.14555
1.2667 0.701358  1.14881
1.26629 0.702381  1.15206
1.26588 0.703406  1.15532
1.26546 0.704431  1.15858
1.26504 0.705458  1.16183
1.26461 0.706487  1.16509
1.26418 0.707517  1.16835
1.26375 0.708548  1.1716
1.26332 0.709581  1.17486
1.26288 0.710615  1.17811
1.26243 0.71165  1.18136
1.26199 0.712687  1.18462
1.26154 0.713726  1.18787
1.26108 0.714766  1.19112
1.26063 0.715807  1.19437
1.26017 0.71685  1.19762
1.25971 0.717894  1.20087
1.25925 0.71894  1.20412
1.25878 0.719987  1.20737
1.25831 0.721036  1.21062
1.25784 0.722087  1.21387
1.25736 0.723139  1.21712
1.25688 0.724192  1.22037
1.2564 0.725247  1.22362
1.25592 0.726304  1.22686
1.25543 0.727362  1.23011
1.25494 0.728422  1.23336
1.25445 0.729484  1.2366
1.25395 0.730547  1.23985
1.25345 0.731611  1.24309
1.25295 0.732678  1.24633
1.25244 0.733746  1.24958
1.25193 0.734815  1.25282
1.25142 0.735886  1.25606
1.25091 0.736959  1.2593
1.2504 0.738034  1.26254
1.24988 0.73911  1.26578
1.24936 0.740188  1.26902
1.24883 0.741268  1.27226
1.24831 0.742349  1.2755
1.24778 0.743432  1.27874
1.24725 0.744517  1.28198
1.24671 0.745603  1.28522
1.24618 0.746691  1.28845
1.24564 0.747781  1.29169
1.2451 0.748873  1.29492
1.24456 0.749966  1.29816
1.24401 0.751061  1.30139
1.24346 0.752158  1.30463
1.24291 0.753257  1.30786
1.24236 0.754358  1.31109
1.2418 0.75546  1.31432
1.24125 0.756564  1.31756
1.24068 0.75767  1.32079
1.24012 0.758778  1.32402
1.23955 0.759887  1.32725
1.23899 0.760999  1.33047
1.23842 0.762112  1.3337
1.23785 0.763227  1.33693
1.23727 0.764344  1.34016
1.2367 0.765463  1.34338
1.23612 0.766583  1.34661
1.23554 0.767706  1.34983
1.23495 0.76883  1.35306
1.23437 0.769957  1.35628
1.23378 0.771085  1.3595
1.23319 0.772215  1.36273
1.2326 0.773347  1.36595
1.23201 0.774481  1.36917
1.23141 0.775617  1.37239
1.23081 0.776754  1.37561
1.23021 0.777894  1.37883
1.22961 0.779036  1.38205
1.22901 0.780179  1.38526
1.2284 0.781325  1.38848
1.22779 0.782472  1.3917
1.22718 0.783621  1.39491
1.22657 0.784773  1.39813
1.22595 0.785926  1.40134
1.22534 0.787081  1.40455
1.22472 0.788239  1.40777
1.2241 0.789398  1.41098
1.22348 0.790559  1.41419
1.22285 0.791723  1.4174
1.22223 0.792888  1.42061
1.2216 0.794055  1.42382
1.22097 0.795225  1.42703
1.22034 0.796396  1.43024
1.21971 0.797569  1.43344
1.21907 0.798745  1.43665
1.21844 0.799922  1.43985
1.2178 0.801102  1.44306
1.21715 0.802283  1.44626
1.21651 0.803467  1.44947
1.21587 0.804652  1.45267
1.21522 0.80584  1.45587
1.21458 0.80703  1.45907
1.21393 0.808222  1.46227
1.21328 0.809416  1.46547
1.21262 0.810612  1.46867
1.21197 0.81181  1.47187
1.21131 0.81301  1.47506
1.21066 0.814213  1.47826
1.21 0.815417  1.48145
1.20933 0.816624  1.48465
1.20867 0.817832  1.48784
1.20801 0.819043  1.49104
1.20734 0.820256  1.49423
1.20667 0.821471  1.49742
1.206 0.822688  1.50061
1.20533 0.823907  1.5038
1.20466 0.825129  1.50699
1.20398 0.826352  1.51018
1.20331 0.827578  1.51336
1.20263 0.828806  1.51655
1.20195 0.830036  1.51974
1.20127 0.831269  1.52292
1.20059 0.832503  1.5261
1.1999 0.83374  1.52929
1.19922 0.834978  1.53247
1.19853 0.836219  1.53565
1.19784 0.837463  1.53883
1.19715 0.838708  1.54201
1.19646 0.839955  1.54519
1.19577 0.841205  1.54837
1.19507 0.842457  1.55155
1.19438 0.843711  1.55472
1.19368 0.844968  1.5579
1.19298 0.846226  1.56107
1.19228 0.847487  1.56425
1.19157 0.84875  1.56742
1.19087 0.850015  1.57059
1.19017 0.851283  1.57376
1.18946 0.852553  1.57693
1.18875 0.853825  1.5801
1.18804 0.855099  1.58327
1.18733 0.856376  1.58644
1.18662 0.857654  1.5896
1.1859 0.858935  1.59277
1.18519 0.860219  1.59593
1.18447 0.861504  1.5991
1.18375 0.862792  1.60226
1.18303 0.864082  1.60542
1.18231 0.865374  1.60858
1.18159 0.866669  1.61174
1.18086 0.867966  1.6149
1.18014 0.869265  1.61806
1.17941 0.870567  1.62122
1.17868 0.871871  1.62437
1.17795 0.873177  1.62753
1.17722 0.874485  1.63068
1.17649 0.875796  1.63384
1.17576 0.877109  1.63699
1.17502 0.878424  1.64014
1.17428 0.879742  1.64329
1.17355 0.881062  1.64644
1.17281 0.882385  1.64959
1.17207 0.883709  1.65274
1.17132 0.885036  1.65588
1.17058 0.886366  1.65903
1.16984 0.887697  1.66217
1.16909 0.889031  1.66532
1.16834 0.890368  1.66846
1.16759 0.891706  1.6716
1.16684 0.893048  1.67474
1.16609 0.894391  1.67788
1.16534 0.895737  1.68102
1.16459 0.897085  1.68416
1.16383 0.898436  1.6873
1.16307 0.899788  1.69043
1.16232 0.901144  1.69357
1.16156 0.902501  1.6967
1.1608 0.903861  1.69983
1.16004 0.905224  1.70296
1.15927 0.906589  1.70609
1.15851 0.907956  1.70922
1.15774 0.909326  1.71235
1.15698 0.910698  1.71548
1.15621 0.912072  1.71861
1.15544 0.913449  1.72173
1.15467 0.914828  1.72486
1.1539 0.91621  1.72798
1.15312 0.917594  1.7311
1.15235 0.91898  1.73422
1.15157 0.920369  1.73734
1.15079 0.92176  1.74046
1.15002 0.923154  1.74358
1.14924 0.92455  1.7467
1.14845 0.925949  1.74981
1.14767 0.92735  1.75293
1.14689 0.928753  1.75604
1.1461 0.930159  1.75915
1.14532 0.931568  1.76226
1.14453 0.932978  1.76537
1.14374 0.934392  1.76848
1.14295 0.935807  1.77159
1.14216 0.937226  1.7747
1.14137 0.938646  1.7778
1.14058 0.940069  1.78091
1.13978 0.941495  1.78401
1.13899 0.942923  1.78711
1.13819 0.944353  1.79021
1.13739 0.945786  1.79331
1.13659 0.947222  1.79641
1.13579 0.94866  1.79951
1.13499 0.9501  1.80261
1.13419 0.951543  1.8057
1.13338 0.952988  1.8088
1.13258 0.954436  1.81189
1.13177 0.955887  1.81498
1.13096 0.95734  1.81807
1.13015 0.958795  1.82116
1.12934 0.960253  1.82425
1.12853 0.961713  1.82734
1.12772 0.963176  1.83042
1.1269 0.964641  1.83351
1.12609 0.966109  1.83659
1.12527 0.96758  1.83967
1.12445 0.969053  1.84276
1.12363 0.970528  1.84584
1.12281 0.972006  1.84891
1.12199 0.973487  1.85199
1.12117 0.97497  1.85507
1.12034 0.976455  1.85814
1.11952 0.977944  1.86122
1.11869 0.979434  1.86429
1.11786 0.980928  1.86736
1.11703 0.982423  1.87043
1.1162 0.983922  1.8735
1.11537 0.985422  1.87657
1.11454 0.986926  1.87964
1.11371 0.988432  1.8827
1.11287 0.98994  1.88576
1.11204 0.991451  1.88883
1.1112 0.992965  1.89189
1.11036 0.994481  1.89495
1.10952 0.996  1.89801
1.10868 0.997521  1.90107
1.10784 0.999045  1.90412
1.10699 1.00057  1.90718
1.10615 1.0021  1.91023
1.1053 1.00363  1.91328
1.10446 1.00517  1.91633
1.10361 1.0067  1.91938
1.10276 1.00824  1.92243
1.10191 1.00979  1.92548
1.10106 1.01133  1.92853
1.1002 1.01288  1.93157
1.09935 1.01443  1.93462
1.09849 1.01598  1.93766
1.09764 1.01753  1.9407
1.09678 1.01909  1.94374
1.09592 1.02065  1.94678
1.09506 1.02222  1.94981
1.0942 1.02378  1.95285
1.09334 1.02535  1.95588
1.09247 1.02692  1.95891
1.09161 1.02849  1.96195
1.09074 1.03007  1.96498
1.08987 1.03165  1.968
1.089 1.03323  1.97103
1.08813 1.03481  1.97406
1.08726 1.0364  1.97708
1.08639 1.03799  1.98011
1.08551 1.03958  1.98313
1.08464 1.04117  1.98615
1.08376 1.04277  1.98917
1.08289 1.04437  1.99218
1.08201 1.04597  1.9952
1.08113 1.04758  1.99822
1.08025 1.04919  2.00123
1.07936 1.0508  2.00424
1.07848 1.05241  2.00725
1.07759 1.05402  2.01026
1.07671 1.05564  2.01327
1.07582 1.05726  2.01627
1.07493 1.05889  2.01928
1.07404 1.06051  2.02228
1.07315 1.06214  2.02528
1.07226 1.06377  2.02828
1.07136 1.06541  2.03128
1.07047 1.06705  2.03428
1.06957 1.06869  2.03728
1.06867 1.07033  2.04027
1.06778 1.07197  2.04326
1.06688 1.07362  2.04626
1.06597 1.07527  2.04925
1.06507 1.07693  2.05224
1.06417 1.07858  2.05522
1.06326 1.08024  2.05821
1.06236 1.0819  2.06119
1.06145 1.08356  2.06417
1.06054 1.08523  2.06716
1.05963 1.0869  2.07014
1.05872 1.08857  2.07311
1.0578 1.09025  2.07609
1.05689 1.09193  2.07907
1.05597 1.09361  2.08204
1.05506 1.09529  2.08501
1.05414 1.09697  2.08798
1.05322 1.09866  2.09095
1.0523 1.10035  2.09392
1.05138 1.10205  2.09688
1.05045 1.10375  2.09985
1.04953 1.10544  2.10281
1.0486 1.10715  2.10577
1.04768 1.10885  2.10873
1.04675 1.11056  2.11169
1.04582 1.11227  2.11465
1.04489 1.11398  2.1176
1.04395 1.1157  2.12055
1.04302 1.11742  2.12351
1.04209 1.11914  2.12646
1.04115 1.12086  2.1294
1.04021 1.12259  2.13235
1.03927 1.12432  2.1353
1.03833 1.12605  2.13824
1.03739 1.12779  2.14118
1.03645 1.12953  2.14412
1.0355 1.13127  2.14706
1.03456 1.13301  2.15
1.03361 1.13476  2.15293
1.03266 1.13651  2.15587
1.03171 1.13826  2.1588
1.03076 1.14001  2.16173
1.02981 1.14177  2.16466
1.02886 1.14353  2.16758
1.0279 1.14529  2.17051
1.02694 1.14706  2.17343
1.02599 1.14883  2.17636
1.02503 1.1506  2.17928
1.02407 1.15237  2.18219
1.02311 1.15415  2.18511
1.02214 1.15593  2.18803
1.02118 1.15771  2.19094
1.02021 1.1595  2.19385
1.01924 1.16129  2.19676
1.01827 1.16308  2.19967
1.0173 1.16487  2.20258
1.01633 1.16667  2.20548
1.01536 1.16847  2.20838
1.01438 1.17027  2.21129
1.01341 1.17208  2.21419
1.01243 1.17389  2.21708
1.01145 1.1757  2.21998
1.01047 1.17751  2.22287
1.00949 1.17933  2.22577
1.0085 1.18115  2.22866
1.00752 1.18297  2.23155
1.00653 1.18479  2.23443
1.00554 1.18662  2.23732
1.00456 1.18845  2.2402
1.00357 1.19029  2.24308
1.00257 1.19212  2.24596
1.00158 1.19396  2.24884
1.00059 1.19581  2.25172
0.999589 1.19765  2.25459
0.998593 1.1995  2.25746
0.997593 1.20135  2.26033
0.996592 1.2032  2.2632
0.995591 1.20506  2.26607
0.994587 1.20692  2.26894
0.993581 1.20878  2.2718
0.992576 1.21065  2.27466
0.991567 1.21252  2.27752
0.990557 1.21439  2.28038
0.989548 1.21626  2.28323
0.988534 1.21814  2.28609
0.98752 1.22002  2.28894
0.986506 1.2219  2.29179
0.985488 1.22379  2.29464
0.984469 1.22567  2.29748
0.98345 1.22757  2.30033
0.982427 1.22946  2.30317
0.981404 1.23136  2.30601
0.980378 1.23326  2.30885
0.979351 1.23516  2.31169
0.978325 1.23707  2.31452
0.977295 1.23898  2.31735
0.976263 1.24089  2.32018
0.975233 1.2428  2.32301
0.974197 1.24472  2.32584
0.973162 1.24664  2.32866
0.972123 1.24856  2.33149
0.971084 1.25049  2.33431
0.970043 1.25242  2.33713
0.969001 1.25435  2.33994
0.967959 1.25629  2.34276
0.966912 1.25823  2.34557
0.965866 1.26017  2.34838
0.964819 1.26211  2.35119
0.963768 1.26406  2.354
0.962716 1.26601  2.3568
0.961665 1.26796  2.3596
0.960609 1.26992  2.36241
0.959552 1.27187  2.3652
0.958496 1.27384  2.368
0.957435 1.2758  2.37079
0.956374 1.27777  2.37359
0.95531 1.27974  2.37638
0.954245 1.28171  2.37917
0.95318 1.28369  2.38195
0.952111 1.28567  2.38473
0.951042 1.28765  2.38752
0.949972 1.28964  2.3903
0.948898 1.29163  2.39307
0.947824 1.29362  2.39585
0.946749 1.29561  2.39862
0.94567 1.29761  2.40139
0.94459 1.29961  2.40416
0.943511 1.30161  2.40693
0.942426 1.30362  2.40969
0.941342 1.30563  2.41246
0.940257 1.30764  2.41522
0.939168 1.30966  2.41797
0.938078 1.31168  2.42073
0.936985 1.3137  2.42348
0.935891 1.31572  2.42624
0.934798 1.31775  2.42898
0.9337 1.31978  2.43173
0.932601 1.32181  2.43448
0.931503 1.32385  2.43722
0.930399 1.32589  2.43996
0.929295 1.32793  2.4427
0.928192 1.32998  2.44543
0.927083 1.33203  2.44817
0.925974 1.33408  2.4509
0.924864 1.33613  2.45363
0.92375 1.33819  2.45635
0.922636 1.34025  2.45908
0.921521 1.34232  2.4618
0.920402 1.34438  2.46452
0.919282 1.34645  2.46724
0.918162 1.34853  2.46995
0.917037 1.3506  2.47267
0.915911 1.35268  2.47538
0.914782 1.35476  2.47808
0.913653 1.35685  2.48079
0.912524 1.35894  2.48349
0.91139 1.36103  2.4862
0.910255 1.36312  2.48889
0.90912 1.36522  2.49159
0.90798 1.36732  2.49428
0.90684 1.36942  2.49698
0.9057 1.37153  2.49967
0.904554 1.37364  2.50235
0.903408 1.37575  2.50504
0.902262 1.37787  2.50772
0.901111 1.37999  2.5104
0.899959 1.38211  2.51308
0.898804 1.38423  2.51575
0.897648 1.38636  2.51842
0.896493 1.38849  2.52109
0.895332 1.39063  2.52376
0.89417 1.39277  2.52642
0.893009 1.39491  2.52909
0.891842 1.39705  2.53175
0.890675 1.3992  2.5344
0.889504 1.40135  2.53706
0.888332 1.4035  2.53971
0.887161 1.40566  2.54236
0.885984 1.40782  2.54501
0.884807 1.40998  2.54765
0.88363 1.41214  2.5503
0.882447 1.41431  2.55294
0.881264 1.41648  2.55557
0.880081 1.41866  2.55821
0.878892 1.42084  2.56084
0.877702 1.42302  2.56347
0.876509 1.4252  2.56609
0.875316 1.42739  2.56872
0.874122 1.42958  2.57134
0.872923 1.43177  2.57396
0.871723 1.43397  2.57658
0.870524 1.43617  2.57919
0.869318 1.43837  2.5818
0.868112 1.44058  2.58441
0.866906 1.44279  2.58701
0.865695 1.445  2.58962
0.864482 1.44722  2.59222
0.86327 1.44944  2.59482
0.862052 1.45166  2.59741
0.860833 1.45388  2.6
0.859614 1.45611  2.60259
0.85839 1.45834  2.60518
0.857164 1.46058  2.60776
0.855939 1.46282  2.61035
0.854708 1.46506  2.61292
0.853476 1.4673  2.6155
0.852244 1.46955  2.61807
0.851006 1.4718  2.62064
0.849768 1.47405  2.62321
0.84853 1.47631  2.62578
0.847285 1.47857  2.62834
0.84604 1.48083  2.6309
0.844795 1.4831  2.63345
0.843544 1.48537  2.63601
0.842292 1.48764  2.63856
0.84104 1.48992  2.64111
0.839782 1.4922  2.64365
0.838523 1.49448  2.64619
0.83726 1.49677  2.64873
0.835997 1.49906  2.65127
0.834733 1.50135  2.6538
0.833464 1.50364  2.65633
0.832193 1.50594  2.65886
0.830923 1.50824  2.66139
0.829647 1.51055  2.66391
0.828369 1.51286  2.66643
0.827092 1.51517  2.66894
0.825808 1.51748  2.67146
0.824524 1.5198  2.67397
0.82324 1.52212  2.67647
0.821949 1.52445  2.67898
0.820657 1.52677  2.68148
0.819365 1.5291  2.68398
0.818067 1.53144  2.68647
0.816768 1.53378  2.68896
0.815469 1.53612  2.69145
0.814164 1.53846  2.69394
0.812857 1.54081  2.69642
0.811551 1.54316  2.6989
0.810238 1.54551  2.70138
0.808924 1.54787  2.70385
0.807611 1.55023  2.70632
0.80629 1.55259  2.70879
0.804969 1.55496  2.71125
0.803648 1.55733  2.71371
0.80232 1.5597  2.71617
0.800991 1.56208  2.71863
0.799662 1.56446  2.72108
0.798326 1.56684  2.72353
0.796989 1.56922  2.72597
0.795653 1.57161  2.72842
0.794309 1.57401  2.73085
0.792965 1.5764  2.73329
0.791616 1.5788  2.73572
0.790266 1.5812  2.73815
0.788917 1.58361  2.74058
0.78756 1.58602  2.743
0.786202 1.58843  2.74542
0.784845 1.59085  2.74784
0.78348 1.59327  2.75025
0.782114 1.59569  2.75266
0.780749 1.59811  2.75507
0.779376 1.60054  2.75747
0.778002 1.60298  2.75987
0.776629 1.60541  2.76227
0.775248 1.60785  2.76466
0.773866 1.61029  2.76705
0.772484 1.61274  2.76944
0.771094 1.61519  2.77182
0.769704 1.61764  2.7742
0.768314 1.62009  2.77657
0.766916 1.62255  2.77895
0.765517 1.62501  2.78132
0.764119 1.62748  2.78368
0.762712 1.62995  2.78605
0.761305 1.63242  2.7884
0.759898 1.63489  2.79076
0.758483 1.63737  2.79311
0.757067 1.63986  2.79546
0.755651 1.64234  2.79781
0.754227 1.64483  2.80015
0.752802 1.64732  2.80248
0.751378 1.64982  2.80482
0.749945 1.65231  2.80715
0.748512 1.65482  2.80948
0.747078 1.65732  2.8118
0.745639 1.65983  2.81412
0.7442 1.66234  2.81644
0.742752 1.66486  2.81875
0.741303 1.66738  2.82106
0.739855 1.6699  2.82336
0.738398 1.67242  2.82567
0.73694 1.67495  2.82797
0.735483 1.67748  2.83026
0.734016 1.68002  2.83255
0.732549 1.68256  2.83484
0.731082 1.6851  2.83712
0.729607 1.68765  2.8394
0.72813 1.6902  2.84168
0.726654 1.69275  2.84395
0.725169 1.6953  2.84622
0.723683 1.69786  2.84848
0.722197 1.70042  2.85074
0.720703 1.70299  2.853
0.719207 1.70556  2.85525
0.717712 1.70813  2.8575
0.716207 1.71071  2.85975
0.714702 1.71329  2.86199
0.713197 1.71587  2.86423
0.711682 1.71846  2.86646
0.710167 1.72104  2.86869
0.708652 1.72364  2.87092
0.707128 1.72623  2.87314
0.705602 1.72883  2.87536
0.704077 1.73144  2.87757
0.702543 1.73404  2.87978
0.701007 1.73665  2.88199
0.699466 1.73926  2.88419
0.697924 1.74188  2.88639
0.696382 1.7445  2.88858
0.69483 1.74712  2.89077
0.693278 1.74975  2.89296
0.691725 1.75238  2.89514
0.690163 1.75501  2.89732
0.6886 1.75765  2.89949
0.687037 1.76029  2.90166
0.685465 1.76294  2.90383
0.683891 1.76558  2.90599
0.682317 1.76823  2.90814
0.680734 1.77089  2.9103
0.679149 1.77354  2.91245
0.677565 1.77621  2.91459
0.675971 1.77887  2.91673
0.674375 1.78154  2.91887
0.67278 1.78421  2.921
0.671174 1.78688  2.92313
0.669567 1.78956  2.92525
0.667961 1.79224  2.92737
0.666344 1.79493  2.92948
0.664726 1.79761  2.93159
0.663109 1.80031  2.9337
0.66148 1.803  2.9358
0.659851 1.8057  2.9379
0.658222 1.8084  2.93999
0.656582 1.81111  2.94208
0.654941 1.81381  2.94416
0.6533 1.81653  2.94624
0.651652 1.81924  2.94832
0.650004 1.82196  2.95039
0.648344 1.82468  2.95245
0.646683 1.82741  2.95451
0.645023 1.83014  2.95657
0.643351 1.83287  2.95862
0.641678 1.83561  2.96067
0.640006 1.83835  2.96272
0.638322 1.84109  2.96475
0.636637 1.84383  2.96679
0.634952 1.84658  2.96882
0.633256 1.84934  2.97084
0.631559 1.85209  2.97286
0.629861 1.85485  2.97488
0.628153 1.85762  2.97689
0.626443 1.86039  2.9789
0.624733 1.86316  2.9809
0.623012 1.86593  2.98289
0.621289 1.86871  2.98489
0.619566 1.87149  2.98687
0.617832 1.87427  2.98885
0.616096 1.87706  2.99083
0.614361 1.87985  2.9928
0.612613 1.88264  2.99477
0.610864 1.88544  2.99673
0.609116 1.88824  2.99869
0.607355 1.89105  3.00065
0.605593 1.89386  3.00259
0.603831 1.89667  3.00454
0.60206 1.89948  3.00648
0.600289 1.9023  3.00841
0.598506 1.90512  3.01034
0.59672 1.90795  3.01226
0.594936 1.91078  3.01418
0.593138 1.91361  3.01609
0.591339 1.91645  3.018
0.58954 1.91928  3.0199
0.587729 1.92213  3.0218
0.585916 1.92497  3.02369
0.584103 1.92782  3.02558
0.582277 1.93068  3.02746
0.580449 1.93353  3.02934
0.578622 1.93639  3.03121
0.576782 1.93925  3.03308
0.57494 1.94212  3.03494
0.573098 1.94499  3.0368
0.571243 1.94787  3.03865
0.569386 1.95074  3.04049
0.567529 1.95362  3.04233
0.565659 1.95651  3.04417
0.563787 1.95939  3.046
0.561916 1.96228  3.04782
0.56003 1.96518  3.04964
0.558143 1.96808  3.05145
0.556256 1.97098  3.05326
0.554355 1.97388  3.05506
0.552452 1.97679  3.05686
0.55055 1.9797  3.05865
0.548633 1.98261  3.06043
0.546715 1.98553  3.06221
0.544796 1.98845  3.06399
0.542869 1.99138  3.06576
0.540939 1.99431  3.06752
0.538996 1.99724  3.06928
0.53705 2.00017  3.07103
0.535105 2.00311  3.07277
0.533144 2.00605  3.07451
0.531182 2.009  3.07625
0.52922 2.01195  3.07798
0.527243 2.0149  3.0797
0.525264 2.01786  3.08142
0.523286 2.02082  3.08313
0.521291 2.02378  3.08483
0.519295 2.02674  3.08653
0.5173 2.02971  3.08823
0.515288 2.03269  3.08991
0.513275 2.03566  3.0916
0.511262 2.03864  3.09327
0.509233 2.04162  3.09494
0.507201 2.04461  3.0966
0.505171 2.0476  3.09826
0.503124 2.05059  3.09991
0.501074 2.05359  3.10156
0.499026 2.05659  3.1032
0.49696 2.05959  3.10483
0.494893 2.0626  3.10646
0.492826 2.06561  3.10808
0.490742 2.06862  3.10969
0.488656 2.07164  3.1113
0.48657 2.07466  3.1129
0.484467 2.07768  3.1145
0.482362 2.08071  3.11609
0.480246 2.08374  3.11767
0.478128 2.08677  3.11925
0.476011 2.08981  3.12082
0.473875 2.09285  3.12238
0.471738 2.09589  3.12394
0.469601 2.09894  3.12549
0.467446 2.10199  3.12703
0.465289 2.10504  3.12857
0.463132 2.1081  3.1301
0.460957 2.11116  3.13162
0.45878 2.11422  3.13314
0.456603 2.11729  3.13465
0.454407 2.12036  3.13615
0.452208 2.12343  3.13765
0.450011 2.12651  3.13914
0.447794 2.12959  3.14062
0.445574 2.13267  3.1421
0.443355 2.13576  3.14357
0.441117 2.13885  3.14503
0.438876 2.14194  3.14649
0.436635 2.14503  3.14794
0.434375 2.14813  3.14938
0.432112 2.15124  3.15082
0.42985 2.15434  3.15225
0.427567 2.15745  3.15367
0.425281 2.16056  3.15508
0.422997 2.16368  3.15649
0.420691 2.1668  3.15789
0.418383 2.16992  3.15928
0.416076 2.17305  3.16067
0.413747 2.17618  3.16205
0.411415 2.17931  3.16342
0.409085 2.18244  3.16478
0.406732 2.18558  3.16614
0.404377 2.18872  3.16749
0.402008 2.19187  3.16883
0.399637 2.19501  3.17016
0.397266 2.19816  3.17149
0.394874 2.20132  3.17281
0.392478 2.20448  3.17412
0.390083 2.20764  3.17542
0.387666 2.2108  3.17672
0.385245 2.21397  3.17801
0.382825 2.21714  3.17929
0.380382 2.22031  3.18056
0.377936 2.22348  3.18183
0.37549 2.22666  3.18309
0.373021 2.22985  3.18434
0.370549 2.23303  3.18558
0.368077 2.23622  3.18681
0.365581 2.23941  3.18804
0.363082 2.2426  3.18926
0.360583 2.2458  3.19047
0.35806 2.249  3.19167
0.355534 2.25221  3.19286
0.353008 2.25541  3.19405
0.350457 2.25862  3.19523
0.347903 2.26183  3.1964
0.345349 2.26505  3.19756
0.342769 2.26827  3.19871
0.340187 2.27149  3.19986
0.337604 2.27471  3.201
0.334996 2.27794  3.20212
0.332375 2.28117  3.20324
0.329753 2.28441  3.20436
0.327131 2.28764  3.20546
0.324483 2.29088  3.20655
0.321832 2.29412  3.20764
0.319181 2.29737  3.20872
0.316503 2.30062  3.20978
0.313821 2.30387  3.21084
0.311139 2.30712  3.2119
0.308429 2.31038  3.21294
0.305706 2.31364  3.21397
0.302982 2.3169  3.215
0.300257 2.32016  3.21601
0.297505 2.32343  3.21702
0.294749 2.3267  3.21802
0.291993 2.32997  3.21901
0.289208 2.33325  3.21999
0.286418 2.33653  3.22096
0.28363 2.33981  3.22192
0.28081 2.34309  3.22287
0.277987 2.34638  3.22382
0.275164 2.34967  3.22475
0.27231 2.35296  3.22567
0.269451 2.35625  3.22659
0.266593 2.35955  3.22749
0.263703 2.36285  3.22839
0.260809 2.36615  3.22928
0.257915 2.36946  3.23015
0.254989 2.37276  3.23102
0.252057 2.37607  3.23188
0.249127 2.37939  3.23273
0.246163 2.3827  3.23357
0.243194 2.38602  3.2344
0.240227 2.38934  3.23521
0.237224 2.39266  3.23602
0.234217 2.39599  3.23682
0.231187 2.39931  3.23761
0.228154 2.40264  3.23839
0.225121 2.40597  3.23916
0.222053 2.40931  3.23992
0.21898 2.41265  3.24066
0.215908 2.41598  3.2414
0.212798 2.41933  3.24213
0.209684 2.42267  3.24285
0.206571 2.42601  3.24355
0.203419 2.42936  3.24425
0.200262 2.43271  3.24494
0.197106 2.43606  3.24561
0.193911 2.43942  3.24628
0.19071 2.44277  3.24693
0.187511 2.44613  3.24757
0.184271 2.44949  3.24821
0.181025 2.45286  3.24883
0.177753 2.45622  3.24944
0.174477 2.45959  3.25004
0.171202 2.46296  3.25063
0.167886 2.46633  3.2512
0.164564 2.4697  3.25177
0.161243 2.47307  3.25232
0.157878 2.47645  3.25287
0.154508 2.47983  3.2534
0.151138 2.48321  3.25392
0.147724 2.48659  3.25443
0.144303 2.48997  3.25493
0.140884 2.49336  3.25541
0.137434 2.49674  3.25589
0.133979 2.50013  3.25635
0.130478 2.50352  3.2568
0.12697 2.50691  3.25724
0.123463 2.5103  3.25767
0.119908 2.5137  3.25809
0.116346 2.51709  3.25849
0.112786 2.52049  3.25888
0.109176 2.52389  3.25926
0.105559 2.52729  3.25963
0.10191 2.53069  3.25998
0.0982547 2.53409  3.26032
0.0946009 2.5375  3.26065
0.0908961 2.5409  3.26097
0.087184 2.54431  3.26127
0.0834736 2.54772  3.26157
0.0797088 2.55112  3.26185
0.0759364 2.55453  3.26211
0.072129 2.55794  3.26237
0.0683152 2.56136  3.26261
0.0645028 2.56477  3.26283
0.0606345 2.56818  3.26305
0.0567584 2.57159  3.26325
0.052884 2.57501  3.26344
0.04895 2.57842  3.26361
0.0450077 2.58184  3.26377
0.0410673 2.58526  3.26392
0.0370651 2.58868  3.26405
0.0330543 2.59209  3.26417
0.0290038 2.59551  3.26428
0.0249462 2.59893  3.26437
0.0208901 2.60235  3.26445
0.0167707 2.60577  3.26452
0.0126424 2.60919  3.26457
0.00851622 2.61261  3.2646
0.00432216 2.61603  3.26463
0.000118627 2.61945  3.26464
-0.00408264 2.62287  3.26463
-0.00835438 2.62629  3.26461
-0.012636 2.62971  3.26457
-0.0169628 2.63313  3.26452
-0.0212978 2.63655  3.26446
-0.0256311 2.63997  3.26438
-0.0300366 2.64339  3.26428
-0.0344522 2.6468  3.26417
-0.0388655 2.65022  3.26405
-0.0433566 2.65364  3.26391
-0.0478585 2.65706  3.26375
-0.0523578 2.66047  3.26358
-0.0569382 2.66389  3.2634
-0.0615298 2.6673  3.2632
-0.0661188 2.67072  3.26298
-0.070792 2.67413  3.26274
-0.0754768 2.67754  3.2625
-0.0801588 2.68095  3.26223
-0.0849284 2.68436  3.26195
-0.0897101 2.68777  3.26165
-0.0945483 2.69117  3.26134
-0.0993967 2.69458  3.26101
-0.104243 2.69798  3.26066
-0.109179 2.70138  3.2603
-0.114128 2.70478  3.25992
-0.119074 2.70818  3.25952
-0.124117 2.71157  3.2591
-0.129175 2.71497  3.25867
-0.134296 2.71836  3.25822
-0.139428 2.72175  3.25776
-0.144558 2.72513  3.25727
-0.14979 2.72852  3.25677
-0.155035 2.7319  3.25626
-0.160277 2.73528  3.25572
-0.165594 2.73865  3.25516
-0.170921 2.74203  3.25459
-0.176361 2.7454  3.254
-0.18182 2.74876  3.25339
-0.187273 2.75213  3.25277
-0.192846 2.75549  3.25212
-0.198435 2.75884  3.25146
-0.20402 2.76219  3.25077
-0.209608 2.76554  3.25007
-0.215196 2.76889  3.24935
-0.220785 2.77223  3.24861
-0.221386 2.77335  3.24836
-0.221309 2.77336  3.24836
-0.221455 2.77337  3.24835
-0.221529 2.77339  3.24835
-0.221626 2.7734  3.24835
-0.221716 2.7734  3.24835
-0.221808 2.77341  3.24835
-0.221899 2.77342  3.24834
-0.221991 2.77343  3.24834
-0.222083 2.77343  3.24834
-0.222174 2.77344  3.24834
-0.222265 2.77345  3.24834
-0.222357 2.77346  3.24833
-0.222448 2.77347  3.24833
-0.22254 2.77348  3.24833
-0.222631 2.77349  3.24833
-0.222722 2.7735  3.24832
-0.222813 2.77351  3.24832
-0.222904 2.77352  3.24832
-0.222995 2.77354  3.24832
-0.223086 2.77355  3.24831
-0.223177 2.77355  3.24831
-0.223268 2.77356  3.24831
-0.223359 2.77357  3.24831
-0.22345 2.77358  3.24831
-0.223541 2.77359  3.2483
-0.223632 2.7736  3.2483
-0.223723 2.77361  3.2483
-0.223814 2.77362  3.2483
-0.223905 2.77363  3.2483
-0.223995 2.77364  3.24829
-0.224086 2.77365  3.24829
-0.224177 2.77366  3.24829
-0.224267 2.77367  3.24829
-0.224358 2.77368  3.24828
-0.224448 2.77369  3.24828
-0.224539 2.7737  3.24828
-0.224629 2.77371  3.24828
-0.22472 2.77372  3.24828
-0.22481 2.77372  3.24827
-0.224901 2.77373  3.24827
-0.224991 2.77374  3.24827
-0.225081 2.77375  3.24827
-0.225172 2.77376  3.24827
-0.225262 2.77377  3.24826
-0.225352 2.77378  3.24826
-0.225442 2.77379  3.24826
-0.225532 2.7738  3.24826
-0.225622 2.77381  3.24825
-0.225712 2.77382  3.24825
-0.225802 2.77383  3.24825
-0.225892 2.77384  3.24825
-0.225982 2.77385  3.24825
-0.226072 2.77386  3.24824
-0.226162 2.77387  3.24824
-0.226251 2.77388  3.24824
-0.226341 2.77389  3.24824
-0.226431 2.7739  3.24823
-0.226521 2.77391  3.24823
-0.22661 2.77392  3.24823
-0.2267 2.77392  3.24823
-0.22679 2.77393  3.24823
-0.226879 2.77394  3.24822
-0.226969 2.77395  3.24822
-0.227058 2.77396  3.24822
-0.227147 2.77397  3.24822
-0.227237 2.77398  3.24821
-0.227326 2.77399  3.24821
-0.227415 2.774  3.24821
-0.227505 2.77401  3.24821
-0.227594 2.77402  3.24821
-0.227683 2.77403  3.2482
-0.227772 2.77404  3.2482
-0.227862 2.77405  3.2482
-0.227951 2.77406  3.2482
-0.22804 2.77407  3.24819
-0.228129 2.77408  3.24819
-0.228218 2.77409  3.24819
-0.228307 2.7741  3.24819
-0.228396 2.77411  3.24819
-0.228484 2.77412  3.24818
-0.228573 2.77413  3.24818
-0.228662 2.77414  3.24818
-0.228751 2.77415  3.24818
-0.228839 2.77416  3.24817
-0.228928 2.77417  3.24817
