0.00219398 0.00980511  3.10137e-06
0.00219709 0.00981862  3.12725e-06
0.00220021 0.00983209  3.15348e-06
0.00220336 0.00984558  3.1829e-06
0.00220646 0.00985909  3.2085e-06
0.00220958 0.00987258  3.23513e-06
0.00221273 0.00988602  3.26412e-06
0.00221585 0.00989952  3.29107e-06
0.00221895 0.009913  3.31672e-06
0.0022221 0.00992645  3.34586e-06
0.00222522 0.00993995  3.37313e-06
0.00222833 0.00995343  3.39951e-06
0.00223148 0.00996689  3.42928e-06
0.0022346 0.0099804  3.45566e-06
0.0022377 0.00999389  3.4821e-06
0.00224085 0.0100074  3.51206e-06
0.00224396 0.0100209  3.53868e-06
0.00224709 0.0100343  3.56564e-06
0.00225024 0.0100478  3.5958e-06
0.00225335 0.0100613  3.62212e-06
0.00225647 0.0100748  3.64958e-06
0.00225962 0.0100883  3.67934e-06
0.00226274 0.0101018  3.70693e-06
0.00226584 0.0101153  3.73332e-06
0.00226899 0.0101287  3.76319e-06
0.00227211 0.0101422  3.79118e-06
0.00227522 0.0101557  3.81829e-06
0.00227838 0.0101692  3.84879e-06
0.00228149 0.0101827  3.8759e-06
0.0022846 0.0101962  3.90306e-06
0.00228775 0.0102097  3.9321e-06
0.00229089 0.0102231  3.96189e-06
0.00229398 0.0102366  3.98846e-06
0.00229713 0.0102501  4.01728e-06
0.00230026 0.0102636  4.04736e-06
0.00230336 0.0102771  4.07445e-06
0.0023065 0.0102905  4.10317e-06
0.00230964 0.010304  4.13352e-06
0.00231274 0.0103175  4.16081e-06
0.0023159 0.010331  4.19151e-06
0.00231903 0.0103445  4.22008e-06
0.00232213 0.010358  4.24737e-06
0.00232528 0.0103715  4.27681e-06
0.00232842 0.010385  4.30777e-06
0.00233152 0.0103985  4.33492e-06
0.00233466 0.0104119  4.36375e-06
0.0023378 0.0104254  4.395e-06
0.0023409 0.0104389  4.42251e-06
0.00234406 0.0104524  4.45209e-06
0.0023472 0.0104659  4.48325e-06
0.0023503 0.0104793  4.5113e-06
0.00235343 0.0104928  4.5398e-06
0.00235658 0.0105063  4.57153e-06
0.00235969 0.0105198  4.59942e-06
0.00236281 0.0105332  4.62829e-06
0.00236596 0.0105467  4.66024e-06
0.00236907 0.0105602  4.68831e-06
0.0023722 0.0105737  4.71712e-06
0.00237534 0.0105872  4.74924e-06
0.00237845 0.0106007  4.7774e-06
0.0023816 0.0106142  4.80702e-06
0.00238475 0.0106277  4.8386e-06
0.00238785 0.0106412  4.86808e-06
0.00239098 0.0106546  4.8969e-06
0.00239413 0.0106681  4.92915e-06
0.00239725 0.0106816  4.958e-06
0.00240036 0.0106951  4.9869e-06
0.00240352 0.0107085  5.01934e-06
0.00240663 0.010722  5.04843e-06
0.00240976 0.0107355  5.07785e-06
0.00241291 0.010749  5.11048e-06
0.00241604 0.0107625  5.14025e-06
0.00241914 0.010776  5.169e-06
0.00242231 0.0107894  5.20125e-06
0.00242543 0.0108029  5.23139e-06
0.00242853 0.0108164  5.26022e-06
0.00243169 0.0108299  5.29258e-06
0.00243481 0.0108434  5.32302e-06
0.00243793 0.0108568  5.35259e-06
0.00244109 0.0108703  5.38556e-06
0.00244421 0.0108838  5.41513e-06
0.00244732 0.0108973  5.44475e-06
0.00245048 0.0109108  5.47791e-06
0.0024536 0.0109243  5.50771e-06
0.00245673 0.0109378  5.53786e-06
0.00245988 0.0109513  5.57121e-06
0.00246301 0.0109648  5.60169e-06
0.00246611 0.0109782  5.63116e-06
0.00246928 0.0109917  5.66413e-06
0.0024724 0.0110052  5.69498e-06
0.00247551 0.0110187  5.72453e-06
0.00247867 0.0110321  5.75761e-06
0.00248179 0.0110456  5.78876e-06
0.00248491 0.0110591  5.81904e-06
0.00248807 0.0110726  5.85273e-06
0.00249119 0.0110861  5.88301e-06
0.0024943 0.0110996  5.91335e-06
0.00249746 0.0111131  5.94558e-06
0.0025006 0.0111265  5.97853e-06
0.0025037 0.01114  6.00827e-06
0.00250685 0.0111535  6.04026e-06
0.00250999 0.011167  6.07351e-06
0.0025131 0.0111805  6.10376e-06
0.00251626 0.0111939  6.13746e-06
0.00251939 0.0112074  6.16902e-06
0.0025225 0.0112209  6.19929e-06
0.00252566 0.0112344  6.23308e-06
0.00252878 0.0112479  6.26495e-06
0.0025319 0.0112614  6.29594e-06
0.00253506 0.0112748  6.33035e-06
0.00253819 0.0112883  6.36134e-06
0.0025413 0.0113018  6.39239e-06
0.00254446 0.0113153  6.42533e-06
0.0025476 0.0113288  6.45899e-06
0.0025507 0.0113423  6.48944e-06
0.00255386 0.0113557  6.52215e-06
0.00255699 0.0113692  6.5561e-06
0.0025601 0.0113827  6.58707e-06
0.00256327 0.0113962  6.62148e-06
0.0025664 0.0114097  6.65375e-06
0.0025695 0.0114232  6.68472e-06
0.00257267 0.0114366  6.71923e-06
0.00257583 0.0114501  6.753e-06
0.00257891 0.0114636  6.7835e-06
0.00258206 0.0114771  6.81597e-06
0.00258546 0.0126465  9.81517e-06
0.00258861 0.014971  1.57949e-05
0.0126572 0.0183208  3.63413e-05
0.0242441 0.0217208  9.78818e-05
0.0352604 0.0251057  0.00019656
0.0464494 0.0284943  0.000333177
0.0575824 0.0318804  0.000507494
0.0686615 0.0352658  0.000719478
0.0797012 0.038649  0.00096882
0.0907428 0.0420299  0.00125546
0.101737 0.0454082  0.00157932
0.112725 0.048783  0.00194019
0.123715 0.0521537  0.00233803
0.134634 0.05552  0.00277273
0.145543 0.0588804  0.00324391
0.156409 0.0622349  0.00375158
0.167267 0.0655826  0.00429546
0.178127 0.0689235  0.00487559
0.188917 0.0722577  0.00549189
0.199698 0.0755844  0.00614404
0.210435 0.0789044  0.00683212
0.221165 0.0822168  0.00755583
0.231898 0.0855219  0.00831519
0.242561 0.0888196  0.00911014
0.253215 0.092109  0.0099402
0.263827 0.0953902  0.0108054
0.274432 0.0986622  0.0117054
0.285039 0.101925  0.01264
0.295577 0.105178  0.0136091
0.306106 0.108419  0.0146122
0.316593 0.111651  0.0156493
0.327073 0.11487  0.01672
0.337555 0.118077  0.0178242
0.347969 0.121273  0.018962
0.358374 0.124456  0.0201328
0.368737 0.127627  0.0213367
0.379093 0.130786  0.0225734
0.389407 0.133932  0.0238429
0.399714 0.137064  0.0251449
0.410023 0.140184  0.0264792
0.420266 0.14329  0.0278458
0.4305 0.146383  0.0292441
0.440693 0.149461  0.0306742
0.450878 0.152524  0.0321353
0.461023 0.155573  0.0336276
0.47116 0.158605  0.0351505
0.4813 0.161622  0.036704
0.491373 0.164623  0.038288
0.501437 0.167608  0.0399019
0.511461 0.170576  0.0415458
0.521478 0.173528  0.0432193
0.531454 0.176463  0.0449224
0.541423 0.17938  0.0466546
0.551351 0.182281  0.0484161
0.561273 0.185164  0.0502063
0.571154 0.18803  0.0520252
0.581029 0.190877  0.0538723
0.590906 0.193707  0.0557474
0.600717 0.196517  0.0576506
0.610499 0.199309  0.0595811
0.620281 0.202082  0.0615386
0.630063 0.204836  0.0635232
0.63978 0.20757  0.0655346
0.649489 0.210284  0.0675723
0.659159 0.212978  0.0696364
0.668822 0.215652  0.0717263
0.678487 0.218306  0.073842
0.688088 0.22094  0.0759834
0.69768 0.223553  0.0781499
0.707234 0.226145  0.0803416
0.716781 0.228716  0.0825579
0.726287 0.231266  0.0847988
0.735788 0.233795  0.0870638
0.745291 0.236302  0.0893527
0.754751 0.238788  0.0916655
0.764206 0.241251  0.0940015
0.7736 0.243692  0.0963609
0.782985 0.246111  0.0987428
0.792331 0.248508  0.101147
0.801671 0.250882  0.103574
0.811013 0.253233  0.106023
0.820292 0.255561  0.108494
0.829563 0.257866  0.110986
0.838796 0.260148  0.1135
0.848022 0.262407  0.116035
0.857209 0.264643  0.11859
0.866391 0.266855  0.121166
0.875573 0.269043  0.123762
0.884695 0.271208  0.126378
0.893808 0.273348  0.129014
0.902882 0.275465  0.13167
0.911951 0.277557  0.134344
0.920981 0.279626  0.137037
0.930005 0.281669  0.139749
0.93903 0.283688  0.142479
0.947995 0.285683  0.145227
0.956951 0.287653  0.147993
0.96587 0.289598  0.150777
0.974782 0.291518  0.153577
0.983696 0.293413  0.156395
0.99255 0.295283  0.15923
1.0014 0.297128  0.162081
1.01024 0.298948  0.164948
1.01903 0.300742  0.167832
1.02781 0.302511  0.170731
1.03655 0.304255  0.173646
1.04529 0.305972  0.176575
1.05399 0.307665  0.17952
1.06268 0.309332  0.182479
1.07137 0.310973  0.185452
1.08001 0.312588  0.18844
1.08863 0.314177  0.191442
1.09726 0.31574  0.194457
1.10583 0.317278  0.197486
1.11439 0.318789  0.200527
1.12292 0.320275  0.203582
1.13143 0.321734  0.206649
1.13995 0.323167  0.209729
1.14842 0.324574  0.212821
1.15687 0.325955  0.215924
1.16529 0.327309  0.219039
1.1737 0.328638  0.222166
1.18211 0.32994  0.225303
1.19046 0.331215  0.228451
1.19881 0.332465  0.23161
1.20712 0.333688  0.234779
1.21542 0.334884  0.237959
1.22369 0.336054  0.241148
1.23195 0.337198  0.244347
1.24021 0.338316  0.247555
1.24842 0.339407  0.250772
1.25661 0.340471  0.253998
1.26478 0.341509  0.257233
1.27293 0.342521  0.260476
1.28109 0.343506  0.263728
1.28919 0.344465  0.266987
1.29728 0.345397  0.270254
1.30537 0.346303  0.273529
1.31341 0.347183  0.276811
1.32144 0.348036  0.280099
1.32943 0.348863  0.283395
1.33742 0.349663  0.286697
1.34541 0.350437  0.290005
1.35334 0.351185  0.29332
1.36127 0.351906  0.29664
1.3692 0.352601  0.299966
1.37707 0.353269  0.303298
1.38493 0.353912  0.306634
1.39276 0.354528  0.309976
1.40058 0.355118  0.313322
1.40837 0.355682  0.316673
1.41615 0.35622  0.320028
1.42389 0.356732  0.323388
1.43163 0.357218  0.326751
1.43937 0.357678  0.330118
1.44706 0.358111  0.333488
1.45474 0.358519  0.336862
1.46242 0.358901  0.340238
1.47004 0.359257  0.343618
1.47766 0.359588  0.347
1.48524 0.359892  0.350385
1.49282 0.360171  0.353772
1.5004 0.360424  0.357161
1.50792 0.360652  0.360552
1.51544 0.360854  0.363945
1.52292 0.361031  0.367339
1.5304 0.361182  0.370734
1.53788 0.361308  0.37413
1.5453 0.361409  0.377528
1.55272 0.361484  0.380925
1.5601 0.361535  0.384324
1.56748 0.36156  0.387723
1.57485 0.36156  0.391121
1.58218 0.361535  0.39452
1.58949 0.361485  0.397919
1.59681 0.361411  0.401317
1.60408 0.361311  0.404715
1.61133 0.361187  0.408111
1.61856 0.361039  0.411507
1.62578 0.360866  0.414902
1.633 0.360668  0.418295
1.64016 0.360446  0.421687
1.64732 0.360199  0.425077
1.65445 0.359929  0.428466
1.66157 0.359634  0.431852
1.66869 0.359315  0.435237
1.67576 0.358972  0.438619
1.68282 0.358606  0.441998
1.68985 0.358215  0.445375
1.69687 0.357801  0.448749
1.70389 0.357363  0.45212
1.71086 0.356901  0.455489
1.71783 0.356416  0.458853
1.7248 0.355908  0.462215
1.73171 0.355376  0.465573
1.73862 0.354821  0.468927
1.74549 0.354243  0.472277
1.75236 0.353642  0.475623
1.75923 0.353018  0.478965
1.76605 0.352371  0.482303
1.77286 0.351702  0.485636
1.77967 0.351009  0.488965
1.78643 0.350294  0.492289
1.79318 0.349557  0.495608
1.79991 0.348797  0.498922
1.80662 0.348015  0.502231
1.81331 0.347211  0.505534
1.81998 0.346385  0.508832
1.82666 0.345536  0.512125
1.83329 0.344666  0.515412
1.83992 0.343774  0.518693
1.84654 0.342861  0.521968
1.85311 0.341925  0.525237
1.85968 0.340969  0.5285
1.86621 0.339991  0.531757
1.87274 0.338991  0.535007
1.87927 0.337971  0.538251
1.88575 0.336929  0.541488
1.89222 0.335867  0.544718
1.89866 0.334783  0.547941
1.9051 0.333679  0.551157
1.9115 0.332554  0.554367
1.9179 0.331409  0.557568
1.9243 0.330243  0.560763
1.93065 0.329057  0.56395
1.93699 0.32785  0.56713
1.94331 0.326624  0.570301
1.94961 0.325377  0.573465
1.95589 0.324111  0.576622
1.96216 0.322825  0.57977
1.9684 0.321519  0.58291
1.97463 0.320193  0.586042
1.98087 0.318848  0.589166
1.98706 0.317484  0.592281
1.99323 0.3161  0.595388
1.99938 0.314698  0.598486
2.00553 0.313276  0.601576
2.01167 0.311835  0.604656
2.01777 0.310375  0.607728
2.02386 0.308897  0.610791
2.02992 0.3074  0.613845
2.03597 0.305885  0.61689
2.04203 0.304351  0.619926
2.04803 0.302799  0.622953
2.05403 0.301229  0.62597
2.06 0.29964  0.628977
2.06597 0.298034  0.631976
2.0719 0.29641  0.634964
2.07783 0.294768  0.637943
2.08373 0.293109  0.640912
2.08963 0.291432  0.643872
2.09549 0.289738  0.646821
2.10135 0.288026  0.649761
2.10721 0.286297  0.65269
2.11302 0.284551  0.65561
2.11883 0.282789  0.658519
2.12461 0.281009  0.661418
2.13038 0.279213  0.664306
2.13612 0.2774  0.667185
2.14186 0.27557  0.670053
2.14759 0.273724  0.67291
2.1533 0.271862  0.675757
2.159 0.269984  0.678593
2.16466 0.268089  0.681418
2.17031 0.266178  0.684233
2.17594 0.264252  0.687037
2.18158 0.26231  0.68983
2.18717 0.260352  0.692612
2.19275 0.258378  0.695383
2.19833 0.25639  0.698143
2.20387 0.254385  0.700892
2.2094 0.252366  0.70363
2.2149 0.250331  0.706357
2.22039 0.248282  0.709072
2.22586 0.246218  0.711777
2.23132 0.244138  0.714469
2.23679 0.242045  0.717151
2.2422 0.239936  0.719821
2.24762 0.237813  0.72248
2.253 0.235676  0.725127
2.25838 0.233525  0.727763
2.26373 0.231359  0.730387
2.26907 0.22918  0.733
2.27442 0.226986  0.735601
2.27973 0.224779  0.73819
2.28504 0.222558  0.740767
2.29031 0.220323  0.743333
2.29557 0.218075  0.745887
2.30084 0.215813  0.748429
2.30605 0.213538  0.750959
2.31126 0.21125  0.753478
2.31645 0.208949  0.755984
2.32163 0.206635  0.758479
2.32681 0.204308  0.760961
2.33194 0.201968  0.763432
2.33707 0.199615  0.76589
2.3422 0.19725  0.768336
2.34729 0.194872  0.770771
2.35237 0.192482  0.773193
2.35742 0.19008  0.775603
2.36247 0.187666  0.778001
2.36752 0.185239  0.780386
2.37252 0.1828  0.78276
2.37752 0.18035  0.785121
2.3825 0.177888  0.78747
2.38746 0.175414  0.789807
2.39243 0.172929  0.792131
2.39736 0.170432  0.794444
2.40228 0.167923  0.796743
2.4072 0.165404  0.799031
2.41207 0.162873  0.801306
2.41694 0.160331  0.803569
2.42179 0.157778  0.805819
2.42663 0.155215  0.808057
2.43147 0.15264  0.810283
2.43627 0.150055  0.812496
2.44106 0.147459  0.814697
2.44582 0.144852  0.816886
2.45058 0.142236  0.819061
2.45532 0.139608  0.821225
2.46005 0.136971  0.823376
2.46475 0.134324  0.825515
2.46945 0.131666  0.827641
2.47415 0.128999  0.829755
2.47881 0.126321  0.831856
2.48346 0.123634  0.833945
2.48808 0.120937  0.836021
2.4927 0.118231  0.838085
2.49732 0.115515  0.840136
2.5019 0.112789  0.842175
2.50648 0.110055  0.844201
2.51103 0.10731  0.846215
2.51557 0.104557  0.848216
2.52011 0.101795  0.850205
2.52462 0.0990239  0.852182
2.52911 0.0962439  0.854145
2.53359 0.0934549  0.856097
2.53805 0.0906574  0.858036
2.54252 0.0878512  0.859962
2.54695 0.0850362  0.861876
2.55137 0.082213  0.863777
2.55579 0.0793813  0.865666
2.56018 0.0765412  0.867543
2.56455 0.073693  0.869407
2.5689 0.0708366  0.871259
2.57325 0.0679723  0.873098
2.5776 0.0650999  0.874924
2.58191 0.0622195  0.876739
2.58621 0.0593315  0.87854
2.59048 0.0564356  0.88033
2.59476 0.0535322  0.882107
2.59903 0.0506212  0.883872
2.60326 0.0477025  0.885624
2.60749 0.0447766  0.887364
2.61169 0.0418432  0.889092
2.61589 0.0389027  0.890807
2.62009 0.035955  0.89251
2.62425 0.033  0.8942
2.6284 0.0300382  0.895879
2.63256 0.0270694  0.897545
2.63668 0.0240935  0.899198
2.64079 0.021111  0.90084
2.64487 0.0181217  0.902469
2.64895 0.0151258  0.904086
2.65304 0.0121234  0.905691
2.65708 0.00911418  0.907284
2.66112 0.00609875  0.908864
2.66516 0.00307695  0.910432
2.66916 4.86176e-05  0.911988
2.67315 -0.00298573  0.913532
2.67712 -0.00602637  0.915064
2.68109 -0.00907289  0.916584
2.68506 -0.0121255  0.918092
2.68899 -0.0151842  0.919588
2.69291 -0.0182486  0.921071
2.69681 -0.021319  0.922543
2.70071 -0.0243949  0.924003
2.7046 -0.0274766  0.92545
2.70846 -0.030564  0.926886
2.71232 -0.0336568  0.92831
2.71617 -0.0367551  0.929722
2.71999 -0.039859  0.931122
2.7238 -0.0429681  0.93251
2.72759 -0.0460825  0.933887
2.73137 -0.049202  0.935251
2.73515 -0.0523267  0.936604
2.7389 -0.0554567  0.937945
2.74264 -0.0585915  0.939274
2.74638 -0.0617313  0.940592
2.75009 -0.0648762  0.941898
2.75379 -0.0680257  0.943192
2.75747 -0.0711802  0.944475
2.76114 -0.0743393  0.945746
2.76481 -0.077503  0.947005
2.76845 -0.0806715  0.948253
2.77208 -0.0838443  0.94949
2.77572 -0.0870217  0.950714
2.77931 -0.0902036  0.951928
2.7829 -0.0933898  0.95313
2.78647 -0.0965804  0.95432
2.79003 -0.0997751  0.955499
2.7936 -0.102974  0.956667
2.79713 -0.106177  0.957823
2.80065 -0.109384  0.958969
2.80415 -0.112596  0.960102
2.80765 -0.115811  0.961225
2.81115 -0.11903  0.962336
2.81461 -0.122253  0.963436
2.81806 -0.12548  0.964525
2.82152 -0.12871  0.965603
2.82494 -0.131945  0.96667
2.82836 -0.135183  0.967726
2.83176 -0.138424  0.96877
2.83515 -0.141669  0.969804
2.83854 -0.144918  0.970827
2.84189 -0.14817  0.971838
2.84524 -0.151425  0.972839
2.84857 -0.154684  0.973829
2.8519 -0.157946  0.974808
2.85522 -0.161212  0.975776
2.85852 -0.16448  0.976734
2.8618 -0.167752  0.97768
2.86509 -0.171027  0.978616
2.86834 -0.174305  0.979541
2.87159 -0.177586  0.980456
2.87484 -0.18087  0.98136
2.87805 -0.184157  0.982253
2.88126 -0.187447  0.983136
2.88444 -0.190739  0.984008
2.88763 -0.194034  0.98487
2.89081 -0.197332  0.985721
2.89396 -0.200633  0.986562
2.89711 -0.203937  0.987392
2.90025 -0.207243  0.988212
2.90336 -0.210552  0.989022
2.90647 -0.213863  0.989821
2.90955 -0.217177  0.99061
2.91264 -0.220493  0.991389
2.91572 -0.223811  0.992158
2.91877 -0.227132  0.992917
2.92181 -0.230455  0.993665
2.92486 -0.233781  0.994403
2.92787 -0.237109  0.995132
2.93087 -0.240438  0.99585
2.93386 -0.243771  0.996558
2.93684 -0.247105  0.997256
2.93982 -0.250441  0.997945
2.94277 -0.25378  0.998623
2.94572 -0.25712  0.999292
2.94866 -0.260462  0.99995
2.95158 -0.263807  1.0006
2.95448 -0.267153  1.00124
2.95739 -0.270501  1.00187
2.96027 -0.273851  1.00249
2.96314 -0.277203  1.0031
2.96599 -0.280556  1.0037
2.96884 -0.283911  1.00429
2.97169 -0.287268  1.00487
2.9745 -0.290627  1.00544
2.97731 -0.293987  1.00601
2.98012 -0.297349  1.00656
2.9829 -0.300712  1.0071
2.98568 -0.304077  1.00764
2.98845 -0.307443  1.00816
2.9912 -0.310811  1.00868
2.99394 -0.31418  1.00918
2.99665 -0.317551  1.00968
2.99937 -0.320923  1.01017
3.00209 -0.324296  1.01065
3.00477 -0.327671  1.01112
3.00745 -0.331047  1.01158
3.01013 -0.334424  1.01203
3.01278 -0.337802  1.01247
3.01542 -0.341182  1.01291
3.01807 -0.344563  1.01333
3.02068 -0.347945  1.01375
3.02329 -0.351327  1.01416
3.0259 -0.354711  1.01455
3.02849 -0.358097  1.01494
3.03108 -0.361483  1.01533
3.03364 -0.36487  1.0157
3.03619 -0.368258  1.01606
3.03874 -0.371647  1.01642
3.04126 -0.375037  1.01676
3.04378 -0.378428  1.0171
3.04627 -0.381819  1.01743
3.04877 -0.385212  1.01775
3.05126 -0.388605  1.01806
3.05373 -0.391999  1.01837
3.05619 -0.395394  1.01866
3.05865 -0.39879  1.01895
3.06108 -0.402186  1.01923
3.06351 -0.405583  1.0195
3.06591 -0.408981  1.01976
3.06832 -0.412379  1.02001
3.07072 -0.415778  1.02026
3.07309 -0.419178  1.0205
3.07546 -0.422578  1.02073
3.07784 -0.425979  1.02095
3.08018 -0.42938  1.02116
3.08251 -0.432782  1.02137
3.08483 -0.436184  1.02157
3.08714 -0.439587  1.02176
3.08946 -0.44299  1.02194
3.09175 -0.446393  1.02211
3.09403 -0.449797  1.02228
3.09631 -0.453202  1.02244
3.09856 -0.456607  1.02259
3.10081 -0.460012  1.02273
3.10304 -0.463417  1.02287
3.10527 -0.466823  1.023
3.1075 -0.470229  1.02312
3.10969 -0.473636  1.02323
3.11189 -0.477042  1.02334
3.11408 -0.480449  1.02343
3.11625 -0.483857  1.02352
3.11841 -0.487264  1.02361
3.12056 -0.490672  1.02368
3.1227 -0.494079  1.02375
3.12484 -0.497487  1.02381
3.12695 -0.500895  1.02387
3.12906 -0.504303  1.02391
3.13117 -0.507712  1.02395
3.13325 -0.51112  1.02399
3.13533 -0.514529  1.02401
3.1374 -0.517937  1.02403
3.13945 -0.521346  1.02404
3.1415 -0.524754  1.02405
-3.13966 -0.528163  1.02404
-3.13763 -0.531572  1.02403
-3.13561 -0.53498  1.02402
-3.13361 -0.538389  1.02399
-3.13162 -0.541798  1.02396
-3.12963 -0.545206  1.02393
-3.12766 -0.548615  1.02388
-3.1257 -0.552023  1.02383
-3.12375 -0.555432  1.02378
-3.12181 -0.55884  1.02371
-3.11987 -0.562248  1.02364
-3.11795 -0.565656  1.02357
-3.11604 -0.569064  1.02348
-3.11413 -0.572472  1.02339
-3.11225 -0.57588  1.0233
-3.11037 -0.579287  1.02319
-3.10849 -0.582695  1.02309
-3.10663 -0.586102  1.02297
-3.10478 -0.589509  1.02285
-3.10295 -0.592916  1.02272
-3.10112 -0.596322  1.02259
-3.09929 -0.599728  1.02245
-3.09749 -0.603134  1.0223
-3.09569 -0.60654  1.02215
-3.09391 -0.609946  1.02199
-3.09213 -0.613351  1.02182
-3.09034 -0.616756  1.02165
-3.08859 -0.620161  1.02147
-3.08684 -0.623565  1.02129
-3.08509 -0.626969  1.0211
-3.08337 -0.630373  1.02091
-3.08165 -0.633777  1.02071
-3.07992 -0.63718  1.0205
-3.07823 -0.640583  1.02029
-3.07654 -0.643985  1.02007
-3.07486 -0.647387  1.01984
-3.07319 -0.650789  1.01961
-3.07152 -0.65419  1.01938
-3.06987 -0.657592  1.01914
-3.06823 -0.660992  1.01889
-3.0666 -0.664392  1.01864
-3.06498 -0.667792  1.01838
-3.06336 -0.671192  1.01812
-3.06176 -0.674591  1.01785
-3.06016 -0.67799  1.01758
-3.05859 -0.681388  1.0173
-3.05701 -0.684786  1.01701
-3.05543 -0.688183  1.01672
-3.05388 -0.69158  1.01643
-3.05234 -0.694977  1.01612
-3.05079 -0.698373  1.01582
-3.04927 -0.701768  1.01551
-3.04775 -0.705163  1.01519
-3.04624 -0.708558  1.01487
-3.04474 -0.711952  1.01454
-3.04324 -0.715346  1.01421
-3.04177 -0.71874  1.01387
-3.04029 -0.722132  1.01353
-3.03882 -0.725525  1.01319
-3.03737 -0.728917  1.01283
-3.03593 -0.732308  1.01248
-3.0345 -0.735699  1.01212
-3.03307 -0.739089  1.01175
-3.03165 -0.742479  1.01138
-3.03024 -0.745868  1.011
-3.02885 -0.749257  1.01062
-3.02745 -0.752645  1.01023
-3.02607 -0.756033  1.00984
-3.0247 -0.759421  1.00945
-3.02334 -0.762807  1.00905
-3.02199 -0.766194  1.00865
-3.02064 -0.769579  1.00824
-3.01931 -0.772965  1.00782
-3.01798 -0.776349  1.00741
-3.01665 -0.779733  1.00698
-3.01535 -0.783117  1.00656
-3.01405 -0.7865  1.00613
-3.01275 -0.789882  1.00569
-3.01148 -0.793264  1.00525
-3.0102 -0.796646  1.00481
-3.00895 -0.800027  1.00436
-3.00769 -0.803407  1.00391
-3.00643 -0.806787  1.00345
-3.0052 -0.810166  1.00299
-3.00397 -0.813545  1.00252
-3.00276 -0.816923  1.00205
-3.00155 -0.8203  1.00158
-3.00034 -0.823677  1.0011
-2.99915 -0.827054  1.00062
-2.99796 -0.83043  1.00013
-2.99679 -0.833805  0.999644
-2.99563 -0.83718  0.99915
-2.99446 -0.840554  0.998652
-2.99331 -0.843928  0.998151
-2.99217 -0.847301  0.997645
-2.99103 -0.850673  0.997136
-2.98991 -0.854046  0.996623
-2.98879 -0.857417  0.996106
-2.98769 -0.860788  0.995586
-2.98659 -0.864158  0.995061
-2.98549 -0.867528  0.994533
-2.98441 -0.870897  0.994002
-2.98334 -0.874266  0.993466
-2.98226 -0.877634  0.992927
-2.98121 -0.881002  0.992385
-2.98016 -0.884369  0.991839
-2.97911 -0.887735  0.991289
-2.97809 -0.891101  0.990736
-2.97706 -0.894466  0.99018
-2.97605 -0.897831  0.98962
-2.97504 -0.901195  0.989056
-2.97404 -0.904559  0.988489
-2.97305 -0.907922  0.987919
-2.97207 -0.911285  0.987346
-2.9711 -0.914647  0.986769
-2.97013 -0.918008  0.986189
-2.96917 -0.921369  0.985606
-2.96822 -0.92473  0.985019
-2.96728 -0.92809  0.98443
-2.96634 -0.931449  0.983837
-2.96542 -0.934808  0.983241
-2.9645 -0.938166  0.982642
-2.9636 -0.941524  0.98204
-2.96269 -0.944881  0.981435
-2.96179 -0.948238  0.980827
-2.96091 -0.951594  0.980216
-2.96004 -0.95495  0.979602
-2.95916 -0.958305  0.978985
-2.9583 -0.961659  0.978365
-2.95745 -0.965013  0.977742
-2.95659 -0.968367  0.977116
-2.95576 -0.97172  0.976487
-2.95493 -0.975073  0.975856
-2.95412 -0.978425  0.975222
-2.9533 -0.981776  0.974585
-2.95249 -0.985127  0.973946
-2.95169 -0.988478  0.973303
-2.9509 -0.991828  0.972659
-2.95011 -0.995178  0.972011
-2.94934 -0.998527  0.971361
-2.94858 -1.00188  0.970708
-2.94782 -1.00522  0.970053
-2.94707 -1.00857  0.969395
-2.94632 -1.01192  0.968735
-2.94559 -1.01527  0.968072
-2.94487 -1.01861  0.967406
-2.94414 -1.02196  0.966739
-2.94342 -1.0253  0.966069
-2.94272 -1.02865  0.965396
-2.94202 -1.03199  0.964721
-2.94134 -1.03534  0.964044
-2.94066 -1.03868  0.963365
-2.93997 -1.04202  0.962683
-2.93931 -1.04536  0.961999
-2.93865 -1.04871  0.961313
-2.93799 -1.05205  0.960624
-2.93735 -1.05539  0.959934
-2.93671 -1.05873  0.959241
-2.93608 -1.06207  0.958546
-2.93546 -1.06541  0.957849
-2.93484 -1.06875  0.95715
-2.93423 -1.07209  0.956449
-2.93363 -1.07543  0.955746
-2.93303 -1.07877  0.955041
-2.93245 -1.08211  0.954334
-2.93187 -1.08544  0.953625
-2.93131 -1.08878  0.952914
-2.93074 -1.09212  0.952201
-2.93019 -1.09545  0.951486
-2.92964 -1.09879  0.95077
-2.92909 -1.10212  0.950052
-2.92856 -1.10546  0.949331
-2.92803 -1.1088  0.948609
-2.92751 -1.11213  0.947886
-2.927 -1.11546  0.94716
-2.92649 -1.1188  0.946433
-2.926 -1.12213  0.945704
-2.92551 -1.12546  0.944974
-2.92501 -1.1288  0.944242
-2.92454 -1.13213  0.943508
-2.92407 -1.13546  0.942773
-2.9236 -1.13879  0.942036
-2.92315 -1.14213  0.941298
-2.9227 -1.14546  0.940558
-2.92225 -1.14879  0.939816
-2.92182 -1.15212  0.939073
-2.92139 -1.15545  0.938329
-2.92097 -1.15878  0.937583
-2.92056 -1.16211  0.936836
-2.92014 -1.16544  0.936088
-2.91975 -1.16877  0.935338
-2.91936 -1.17209  0.934587
-2.91896 -1.17542  0.933834
-2.91859 -1.17875  0.933081
-2.91821 -1.18208  0.932326
-2.91784 -1.18541  0.931569
-2.91749 -1.18873  0.930812
-2.91714 -1.19206  0.930053
-2.9168 -1.19539  0.929293
-2.91646 -1.19872  0.928533
-2.91612 -1.20204  0.92777
-2.9158 -1.20537  0.927007
-2.91548 -1.20869  0.926243
-2.91516 -1.21202  0.925478
-2.91486 -1.21535  0.924712
-2.91457 -1.21867  0.923944
-2.91427 -1.222  0.923176
-2.91399 -1.22532  0.922407
-2.91371 -1.22865  0.921636
-2.91344 -1.23197  0.920865
-2.91318 -1.23529  0.920093
-2.91292 -1.23862  0.91932
-2.91267 -1.24194  0.918547
-2.91243 -1.24527  0.917772
-2.91218 -1.24859  0.916997
-2.91195 -1.25191  0.916221
-2.91173 -1.25524  0.915444
-2.9115 -1.25856  0.914666
-2.9113 -1.26188  0.913888
-2.91109 -1.2652  0.913109
-2.9109 -1.26853  0.912329
-2.91071 -1.27185  0.911549
-2.91052 -1.27517  0.910768
-2.91034 -1.27849  0.909986
-2.91017 -1.28182  0.909204
-2.91001 -1.28514  0.908421
-2.90985 -1.28846  0.907638
-2.90969 -1.29178  0.906854
-2.90955 -1.2951  0.90607
-2.90941 -1.29843  0.905285
-2.90927 -1.30175  0.9045
-2.90915 -1.30507  0.903714
-2.90903 -1.30839  0.902928
-2.9089 -1.31171  0.902141
-2.9088 -1.31503  0.901354
-2.9087 -1.31835  0.900567
-2.9086 -1.32167  0.899779
-2.90851 -1.32499  0.898992
-2.90843 -1.32832  0.898203
-2.90836 -1.33164  0.897415
-2.90829 -1.33496  0.896626
-2.90822 -1.33828  0.895837
-2.90816 -1.3416  0.895048
-2.90811 -1.34492  0.894259
-2.90806 -1.34824  0.893469
-2.90803 -1.35156  0.89268
-2.90799 -1.35488  0.89189
-2.90797 -1.3582  0.8911
-2.90795 -1.36152  0.89031
-2.90793 -1.36484  0.88952
-2.90793 -1.36816  0.88873
-2.90792 -1.37148  0.88794
-2.90792 -1.3748  0.88715
-2.90794 -1.37812  0.88636
-2.90795 -1.38145  0.88557
-2.90797 -1.38477  0.88478
-2.908 -1.38809  0.88399
-2.90804 -1.39141  0.883201
-2.90807 -1.39473  0.882411
-2.90812 -1.39805  0.881622
-2.90816 -1.40137  0.880832
-2.90823 -1.40469  0.880043
-2.90829 -1.40801  0.879254
-2.90836 -1.41133  0.878465
-2.90844 -1.41465  0.877677
-2.90852 -1.41798  0.876889
-2.9086 -1.4213  0.876101
-2.9087 -1.42462  0.875313
-2.90881 -1.42794  0.874526
-2.90891 -1.43126  0.873739
-2.90902 -1.43458  0.872952
-2.90914 -1.4379  0.872166
-2.90927 -1.44123  0.87138
-2.9094 -1.44455  0.870594
-2.90953 -1.44787  0.869809
-2.90968 -1.45119  0.869025
-2.90983 -1.45451  0.868241
-2.90998 -1.45784  0.867457
-2.91014 -1.46116  0.866674
-2.91031 -1.46448  0.865892
-2.91047 -1.4678  0.86511
-2.91065 -1.47113  0.864328
-2.91084 -1.47445  0.863548
-2.91103 -1.47777  0.862767
-2.91123 -1.4811  0.861988
-2.91142 -1.48442  0.861209
-2.91163 -1.48775  0.860431
-2.91184 -1.49107  0.859654
-2.91206 -1.49439  0.858877
-2.91228 -1.49772  0.858101
-2.91251 -1.50104  0.857325
-2.91274 -1.50437  0.856551
-2.91299 -1.50769  0.855777
-2.91324 -1.51102  0.855004
-2.91349 -1.51434  0.854232
-2.91375 -1.51767  0.853461
-2.91401 -1.52099  0.852691
-2.91428 -1.52432  0.851921
-2.91456 -1.52765  0.851152
-2.91484 -1.53097  0.850385
-2.91513 -1.5343  0.849618
-2.91542 -1.53762  0.848852
-2.91572 -1.54095  0.848087
-2.91603 -1.54428  0.847324
-2.91633 -1.54761  0.846561
-2.91665 -1.55093  0.845799
-2.91697 -1.55426  0.845039
-2.91729 -1.55759  0.844279
-2.91762 -1.56092  0.84352
-2.91796 -1.56425  0.842763
-2.9183 -1.56758  0.842007
-2.91865 -1.57091  0.841252
-2.91901 -1.57424  0.840498
-2.91936 -1.57757  0.839745
-2.91973 -1.5809  0.838993
-2.9201 -1.58423  0.838243
-2.92048 -1.58756  0.837494
-2.92086 -1.59089  0.836746
-2.92126 -1.59422  0.836
-2.92165 -1.59755  0.835254
-2.92205 -1.60088  0.83451
-2.92246 -1.60422  0.833768
-2.92286 -1.60755  0.833027
-2.92328 -1.61088  0.832287
-2.9237 -1.61421  0.831548
-2.92412 -1.61755  0.830811
-2.92456 -1.62088  0.830076
-2.92499 -1.62422  0.829341
-2.92544 -1.62755  0.828609
-2.92589 -1.63088  0.827877
-2.92635 -1.63422  0.827148
-2.92681 -1.63756  0.82642
-2.92727 -1.64089  0.825693
-2.92775 -1.64423  0.824968
-2.92823 -1.64756  0.824244
-2.92871 -1.6509  0.823523
-2.9292 -1.65424  0.822802
-2.92969 -1.65758  0.822084
-2.93019 -1.66091  0.821367
-2.93069 -1.66425  0.820651
-2.9312 -1.66759  0.819938
-2.93171 -1.67093  0.819226
-2.93223 -1.67427  0.818516
-2.93275 -1.67761  0.817807
-2.93328 -1.68095  0.8171
-2.93382 -1.68429  0.816396
-2.93435 -1.68763  0.815692
-2.9349 -1.69097  0.814991
-2.93545 -1.69431  0.814292
-2.93601 -1.69766  0.813594
-2.93657 -1.701  0.812898
-2.93714 -1.70434  0.812204
-2.93771 -1.70768  0.811512
-2.93829 -1.71103  0.810822
-2.93887 -1.71437  0.810134
-2.93946 -1.71772  0.809448
-2.94005 -1.72106  0.808764
-2.94065 -1.72441  0.808082
-2.94126 -1.72775  0.807401
-2.94187 -1.7311  0.806723
-2.94249 -1.73445  0.806047
-2.94311 -1.73779  0.805373
-2.94373 -1.74114  0.804701
-2.94436 -1.74449  0.804031
-2.945 -1.74784  0.803363
-2.94564 -1.75119  0.802698
-2.94629 -1.75453  0.802034
-2.94694 -1.75788  0.801373
-2.94759 -1.76123  0.800714
-2.94826 -1.76458  0.800057
-2.94893 -1.76794  0.799403
-2.9496 -1.77129  0.79875
-2.95028 -1.77464  0.7981
-2.95097 -1.77799  0.797452
-2.95166 -1.78134  0.796807
-2.95236 -1.7847  0.796164
-2.95306 -1.78805  0.795523
-2.95377 -1.7914  0.794884
-2.95447 -1.79476  0.794248
-2.95519 -1.79811  0.793614
-2.95592 -1.80147  0.792983
-2.95665 -1.80483  0.792354
-2.95738 -1.80818  0.791728
-2.95811 -1.81154  0.791104
-2.95886 -1.8149  0.790482
-2.95961 -1.81825  0.789863
-2.96036 -1.82161  0.789247
-2.96112 -1.82497  0.788633
-2.96189 -1.82833  0.788022
-2.96265 -1.83169  0.787413
-2.96343 -1.83505  0.786807
-2.96421 -1.83841  0.786203
-2.965 -1.84177  0.785602
-2.96579 -1.84513  0.785004
-2.96659 -1.8485  0.784409
-2.9674 -1.85186  0.783816
-2.9682 -1.85522  0.783225
-2.96901 -1.85858  0.782638
-2.96983 -1.86195  0.782053
-2.97066 -1.86531  0.781471
-2.97148 -1.86868  0.780892
-2.97232 -1.87204  0.780316
-2.97316 -1.87541  0.779742
-2.974 -1.87878  0.779171
-2.97486 -1.88214  0.778604
-2.97571 -1.88551  0.778039
-2.97658 -1.88888  0.777476
-2.97745 -1.89225  0.776917
-2.97832 -1.89561  0.776361
-2.9792 -1.89898  0.775808
-2.98008 -1.90235  0.775257
-2.98096 -1.90572  0.77471
-2.98186 -1.90909  0.774166
-2.98276 -1.91247  0.773624
-2.98366 -1.91584  0.773086
-2.98458 -1.91921  0.772551
-2.98549 -1.92258  0.772019
-2.98641 -1.92596  0.77149
-2.98734 -1.92933  0.770964
-2.98827 -1.9327  0.770441
-2.98922 -1.93608  0.769921
-2.99016 -1.93945  0.769405
-2.99111 -1.94283  0.768891
-2.99206 -1.94621  0.768381
-2.99302 -1.94958  0.767875
-2.99399 -1.95296  0.767371
-2.99497 -1.95634  0.766871
-2.99594 -1.95971  0.766374
-2.99692 -1.96309  0.76588
-2.99791 -1.96647  0.76539
-2.99891 -1.96985  0.764903
-2.99991 -1.97323  0.764419
-3.00091 -1.97661  0.763939
-3.00192 -1.97999  0.763462
-3.00294 -1.98337  0.762988
-3.00396 -1.98676  0.762519
-3.00499 -1.99014  0.762052
-3.00602 -1.99352  0.761589
-3.00706 -1.99691  0.761129
-3.00811 -2.00029  0.760673
-3.00915 -2.00367  0.760221
-3.01021 -2.00706  0.759772
-3.01127 -2.01044  0.759327
-3.01233 -2.01383  0.758885
-3.01341 -2.01722  0.758447
-3.01449 -2.0206  0.758013
-3.01557 -2.02399  0.757582
-3.01666 -2.02738  0.757155
-3.01776 -2.03077  0.756731
-3.01885 -2.03415  0.756312
-3.01997 -2.03754  0.755896
-3.02108 -2.04093  0.755483
-3.0222 -2.04432  0.755075
-3.02333 -2.04771  0.754671
-3.02445 -2.0511  0.75427
-3.02559 -2.05449  0.753873
-3.02674 -2.05789  0.75348
-3.02788 -2.06128  0.753091
-3.02904 -2.06467  0.752705
-3.0302 -2.06806  0.752324
-3.03136 -2.07146  0.751947
-3.03254 -2.07485  0.751573
-3.03372 -2.07825  0.751204
-3.0349 -2.08164  0.750838
-3.0361 -2.08504  0.750477
-3.0373 -2.08843  0.75012
-3.0385 -2.09183  0.749767
-3.0397 -2.09522  0.749417
-3.04092 -2.09862  0.749072
-3.04214 -2.10202  0.748731
-3.04336 -2.10542  0.748395
-3.0446 -2.10881  0.748062
-3.04584 -2.11221  0.747734
-3.04709 -2.11561  0.74741
-3.04834 -2.11901  0.74709
-3.0496 -2.12241  0.746774
-3.05086 -2.12581  0.746463
-3.05214 -2.12921  0.746156
-3.05341 -2.13261  0.745853
-3.05469 -2.13601  0.745555
-3.05598 -2.13942  0.745261
-3.05727 -2.14282  0.744971
-3.05858 -2.14622  0.744686
-3.05989 -2.14962  0.744405
-3.06121 -2.15303  0.744129
-3.06253 -2.15643  0.743858
-3.06386 -2.15983  0.74359
-3.0652 -2.16324  0.743328
-3.06654 -2.16664  0.74307
-3.06788 -2.17005  0.742816
-3.06924 -2.17345  0.742567
-3.0706 -2.17686  0.742323
-3.07196 -2.18026  0.742083
-3.07334 -2.18367  0.741848
-3.07473 -2.18708  0.741618
-3.07611 -2.19048  0.741392
-3.07751 -2.19389  0.741171
-3.07891 -2.1973  0.740955
-3.08031 -2.20071  0.740744
-3.08173 -2.20411  0.740537
-3.08315 -2.20752  0.740336
-3.08458 -2.21093  0.740139
-3.08602 -2.21434  0.739947
-3.08746 -2.21775  0.73976
-3.08891 -2.22116  0.739578
-3.09037 -2.22457  0.739401
-3.09183 -2.22798  0.739228
-3.0933 -2.23139  0.739061
-3.09478 -2.2348  0.738899
-3.09625 -2.23821  0.738742
-3.09775 -2.24162  0.73859
-3.09924 -2.24503  0.738443
-3.10074 -2.24844  0.738301
-3.10225 -2.25186  0.738164
-3.10377 -2.25527  0.738033
-3.10529 -2.25868  0.737907
-3.10682 -2.26209  0.737785
-3.10835 -2.26551  0.73767
-3.10989 -2.26892  0.737559
-3.11143 -2.27233  0.737453
-3.11298 -2.27575  0.737353
-3.11454 -2.27916  0.737258
-3.1161 -2.28257  0.737169
-3.11766 -2.28599  0.737085
-3.11925 -2.2894  0.737006
-3.12083 -2.29282  0.736932
-3.12242 -2.29623  0.736864
-3.12402 -2.29965  0.736802
-3.12563 -2.30306  0.736745
-3.12724 -2.30648  0.736693
-3.12886 -2.30989  0.736647
-3.13049 -2.31331  0.736607
-3.13214 -2.31672  0.736572
-3.13379 -2.32014  0.736542
-3.13543 -2.32356  0.736519
-3.1371 -2.32697  0.736501
-3.13878 -2.33039  0.736488
-3.14045 -2.3338  0.736482
3.14104 -2.33722  0.736481
3.13934 -2.34064  0.736486
3.13764 -2.34405  0.736497
3.13592 -2.34747  0.736513
3.13419 -2.35088  0.736536
3.13246 -2.3543  0.736564
3.13071 -2.35772  0.736599
3.12895 -2.36113  0.736639
3.12718 -2.36455  0.736685
3.12541 -2.36796  0.736738
3.12363 -2.37138  0.736796
3.12183 -2.37479  0.736861
3.12002 -2.37821  0.736932
3.11822 -2.38162  0.737008
3.11639 -2.38504  0.737092
3.11455 -2.38845  0.737181
3.11272 -2.39187  0.737277
3.11086 -2.39528  0.737379
3.10899 -2.3987  0.737487
3.10712 -2.40211  0.737602
3.10523 -2.40553  0.737723
3.10333 -2.40894  0.73785
3.10142 -2.41235  0.737984
3.0995 -2.41577  0.738125
3.09758 -2.41918  0.738272
3.09563 -2.42259  0.738426
3.09368 -2.426  0.738586
3.09173 -2.42942  0.738754
3.08975 -2.43283  0.738927
3.08776 -2.43624  0.739108
3.08576 -2.43965  0.739295
3.08375 -2.44306  0.739489
3.08174 -2.44647  0.73969
3.0797 -2.44988  0.739898
3.07766 -2.45329  0.740113
3.07562 -2.4567  0.740335
3.07354 -2.46011  0.740564
3.07146 -2.46352  0.7408
3.06938 -2.46692  0.741043
3.06727 -2.47033  0.741293
3.06515 -2.47374  0.741551
3.06304 -2.47714  0.741815
3.06089 -2.48055  0.742087
3.05873 -2.48395  0.742366
3.05656 -2.48736  0.742653
3.05438 -2.49076  0.742947
3.05218 -2.49416  0.743248
3.04997 -2.49757  0.743557
3.04776 -2.50097  0.743874
3.04552 -2.50437  0.744198
3.04327 -2.50777  0.744529
3.04103 -2.51117  0.744869
3.03874 -2.51457  0.745215
3.03645 -2.51796  0.74557
3.03417 -2.52136  0.745933
3.03185 -2.52476  0.746303
3.02952 -2.52815  0.746681
3.02717 -2.53155  0.747067
3.02482 -2.53494  0.747462
3.02246 -2.53834  0.747864
3.02007 -2.54173  0.748274
3.01767 -2.54512  0.748692
3.01528 -2.54851  0.749119
3.01284 -2.5519  0.749554
3.01039 -2.55529  0.749996
3.00795 -2.55867  0.750448
3.00547 -2.56206  0.750907
3.00297 -2.56544  0.751375
3.00049 -2.56883  0.751852
2.99795 -2.57221  0.752337
2.99541 -2.57559  0.75283
2.99284 -2.57897  0.753332
2.99027 -2.58235  0.753843
2.9877 -2.58573  0.754363
2.98508 -2.58911  0.754891
2.98245 -2.59248  0.755428
2.97983 -2.59585  0.755975
2.97715 -2.59923  0.75653
2.97446 -2.6026  0.757094
2.97178 -2.60597  0.757667
2.96904 -2.60934  0.758249
2.9663 -2.6127  0.75884
2.96355 -2.61607  0.759441
2.96076 -2.61943  0.760051
2.95795 -2.62279  0.76067
2.95511 -2.62615  0.761299
2.95226 -2.62951  0.761938
2.94941 -2.63286  0.762586
2.94651 -2.63622  0.763244
2.94359 -2.63957  0.763911
2.94068 -2.64292  0.764588
2.93771 -2.64627  0.765275
2.93472 -2.64961  0.765972
2.93174 -2.65296  0.766679
2.9287 -2.6563  0.767396
2.92562 -2.65964  0.768124
2.92255 -2.66298  0.768861
2.91947 -2.66631  0.769609
2.91633 -2.66965  0.770367
2.91315 -2.67298  0.771136
2.90997 -2.6763  0.771915
2.90679 -2.67963  0.772705
2.90354 -2.68295  0.773506
2.90028 -2.68627  0.774317
2.89698 -2.68959  0.77514
2.89366 -2.69291  0.775973
2.89035 -2.69622  0.776817
2.88696 -2.69953  0.777673
2.88356 -2.70284  0.778539
2.88016 -2.70614  0.779417
2.87668 -2.70944  0.780306
2.87319 -2.71274  0.781207
2.8697 -2.71603  0.782119
2.86613 -2.71933  0.783043
2.86254 -2.72261  0.783979
2.85895 -2.7259  0.784926
2.85527 -2.72918  0.785885
2.85158 -2.73246  0.786857
2.84783 -2.73573  0.78784
2.84407 -2.739  0.788836
2.84031 -2.74227  0.789845
2.83646 -2.74553  0.790865
2.83259 -2.74879  0.791898
2.82872 -2.75205  0.792944
2.82475 -2.7553  0.794003
2.82076 -2.75855  0.795075
2.81678 -2.76179  0.796159
2.81269 -2.76503  0.797257
2.80857 -2.76826  0.798368
2.80439 -2.77149  0.799492
2.80019 -2.77472  0.80063
2.796 -2.77794  0.801781
2.79168 -2.78115  0.802946
2.78734 -2.78436  0.804125
2.78302 -2.78757  0.805318
2.77855 -2.79077  0.806526
2.77407 -2.79396  0.807747
2.76959 -2.79715  0.808982
2.76498 -2.80033  0.810233
2.76033 -2.80351  0.811498
2.7556 -2.80668  0.812778
2.75085 -2.80985  0.814072
2.74611 -2.81301  0.815382
2.74136 -2.81616  0.816707
2.73661 -2.81931  0.818047
2.73599 -2.82037  0.8185
2.73613 -2.82038  0.818507
2.73593 -2.82039  0.818511
2.73586 -2.8204  0.818516
2.73575 -2.82041  0.81852
2.73565 -2.82042  0.818524
2.73556 -2.82043  0.818528
2.73546 -2.82044  0.818531
2.73537 -2.82044  0.818534
2.73527 -2.82045  0.818538
2.73518 -2.82046  0.818541
2.73508 -2.82047  0.818545
2.73499 -2.82048  0.818549
2.73489 -2.82049  0.818554
2.7348 -2.8205  0.818558
2.7347 -2.82051  0.818563
2.73461 -2.82052  0.818568
2.73451 -2.82053  0.818573
2.73441 -2.82054  0.818577
2.73431 -2.82055  0.818582
2.73421 -2.82056  0.818586
2.73411 -2.82057  0.81859
2.73401 -2.82058  0.818594
2.73392 -2.82059  0.818597
2.73382 -2.8206  0.818601
2.73373 -2.82061  0.818605
2.73363 -2.82061  0.818608
2.73354 -2.82062  0.818612
2.73345 -2.82063  0.818616
2.73335 -2.82064  0.818621
2.73326 -2.82065  0.818625
2.73316 -2.82066  0.81863
2.73306 -2.82067  0.818634
2.73296 -2.82068  0.818639
2.73287 -2.82069  0.818643
2.73277 -2.8207  0.818647
2.73267 -2.82071  0.818652
2.73257 -2.82072  0.818656
2.73248 -2.82073  0.818659
2.73238 -2.82074  0.818663
2.73229 -2.82075  0.818667
2.73219 -2.82076  0.818671
2.7321 -2.82077  0.818675
2.73201 -2.82078  0.818679
2.73191 -2.82079  0.818684
2.73182 -2.8208  0.818688
2.73172 -2.82081  0.818692
2.73162 -2.82082  0.818697
2.73152 -2.82083  0.818701
2.73143 -2.82084  0.818705
2.73133 -2.82085  0.81871
2.73123 -2.82086  0.818714
2.73114 -2.82086  0.818718
2.73104 -2.82087  0.818722
2.73094 -2.82088  0.818726
2.73085 -2.82089  0.81873
2.73075 -2.8209  0.818734
2.73066 -2.82091  0.818738
2.73056 -2.82092  0.818742
2.73047 -2.82093  0.818746
2.73037 -2.82094  0.81875
2.73028 -2.82095  0.818755
2.73018 -2.82096  0.818759
2.73008 -2.82097  0.818763
2.72999 -2.82098  0.818768
2.72989 -2.82099  0.818772
2.72979 -2.821  0.818776
2.72969 -2.82101  0.81878
2.7296 -2.82102  0.818784
2.7295 -2.82103  0.818788
2.72941 -2.82103  0.818792
2.72931 -2.82104  0.818797
2.72922 -2.82105  0.818801
2.72912 -2.82106  0.818805
2.72902 -2.82107  0.818809
2.72893 -2.82108  0.818813
2.72883 -2.82109  0.818817
2.72873 -2.8211  0.818822
2.72864 -2.82111  0.818826
2.72854 -2.82112  0.81883
2.72844 -2.82113  0.818834
2.72835 -2.82114  0.818838
2.72825 -2.82115  0.818843
2.72815 -2.82116  0.818847
2.72805 -2.82117  0.818851
2.72796 -2.82118  0.818855
2.72786 -2.82119  0.818859
2.72777 -2.8212  0.818863
2.72767 -2.8212  0.818867
2.72757 -2.82121  0.818872
2.72748 -2.82122  0.818876
2.72738 -2.82123  0.81888
2.72728 -2.82124  0.818884
2.72718 -2.82125  0.818888
2.72709 -2.82126  0.818893
2.72699 -2.82127  0.818897
2.72689 -2.82128  0.818901
2.72679 -2.82129  0.818905
2.7267 -2.8213  0.818909
2.7266 -2.82131  0.818913
2.7265 -2.82132  0.818918
2.7264 -2.82133  0.818922
2.72631 -2.82134  0.818926
2.72621 -2.82135  0.81893
2.72611 -2.82136  0.818934
2.72601 -2.82136  0.818938
2.72592 -2.82137  0.818943
2.72582 -2.82138  0.818947
2.72572 -2.82139  0.818951
2.72562 -2.8214  0.818955
2.72553 -2.82141  0.818959
2.72543 -2.82142  0.818963
2.72533 -2.82143  0.818968
2.72524 -2.82144  0.818972
2.72514 -2.82145  0.818976
2.72504 -2.82146  0.81898
2.72494 -2.82147  0.818984
2.72485 -2.82148  0.818989
2.72475 -2.82149  0.818993
2.72465 -2.8215  0.818997
2.72456 -2.82151  0.819001
2.72446 -2.82152  0.819005
2.72436 -2.82153  0.81901
2.72427 -2.82153  0.819014
2.72417 -2.82154  0.819018
2.72407 -2.82155  0.819022
2.72397 -2.82156  0.819026
2.72388 -2.82157  0.81903
2.72378 -2.82158  0.819035
2.72368 -2.82159  0.819039
2.72359 -2.8216  0.819043
2.72349 -2.82161  0.819047
2.72339 -2.82162  0.819052
2.7233 -2.82163  0.819056
2.7232 -2.82164  0.81906
2.72311 -2.82165  0.819064
2.72301 -2.82166  0.819068
2.72291 -2.82167  0.819073
2.72282 -2.82168  0.819077
2.72272 -2.82168  0.819081
2.72262 -2.82169  0.819085
2.72253 -2.8217  0.819089
