0.00122273 0.00558347  -2.87099e-06
0.00122578 0.00559696  -2.86181e-06
0.00122889 0.00561042  -2.84942e-06
0.00123196 0.00562393  -2.83891e-06
0.001235 0.00563743  -2.82972e-06
0.0012381 0.00565089  -2.81722e-06
0.00124117 0.0056644  -2.80636e-06
0.00124423 0.0056779  -2.7964e-06
0.00124734 0.00569138  -2.78323e-06
0.0012504 0.0057049  -2.77325e-06
0.00125346 0.0057184  -2.76322e-06
0.00125656 0.00573188  -2.74985e-06
0.00125967 0.00574539  -2.73837e-06
0.00126269 0.0057589  -2.72923e-06
0.00126579 0.00577235  -2.71772e-06
0.00126887 0.00578585  -2.70469e-06
0.00127192 0.00579935  -2.69466e-06
0.00127503 0.00581281  -2.68139e-06
0.00127811 0.00582632  -2.67002e-06
0.00128116 0.00583983  -2.65997e-06
0.00128426 0.00585329  -2.64659e-06
0.00128761 0.00702276  -1.16683e-06
0.00129072 0.00934727  1.79101e-06
-0.000883679 0.0126473  3.50251e-06
-0.0047318 0.0160692  -5.22451e-06
-0.00866826 0.019488  -2.75825e-05
-0.012565 0.0229083  -6.32566e-05
-0.0164709 0.0263288  -0.000112286
-0.0203556 0.0297497  -0.000174636
-0.0242387 0.0331711  -0.000250252
-0.0281224 0.0365927  -0.000339138
-0.0319784 0.0400142  -0.000441244
-0.0358307 0.0434359  -0.000556507
-0.0396662 0.0468567  -0.00068489
-0.0434989 0.0502768  -0.000826346
-0.0473326 0.0536955  -0.000980865
-0.0511392 0.0571126  -0.00114841
-0.0549424 0.0605284  -0.00132892
-0.058729 0.0639426  -0.00152236
-0.0625128 0.0673558  -0.00172872
-0.0662798 0.0707679  -0.00194798
-0.0700442 0.0741794  -0.0021801
-0.0737915 0.0775903  -0.00242508
-0.0775361 0.0810009  -0.00268287
-0.0812639 0.0844111  -0.00295345
-0.0849889 0.0878209  -0.00323677
-0.0886972 0.09123  -0.00353279
-0.0924026 0.0946382  -0.00384144
-0.096109 0.0980453  -0.0041627
-0.0997889 0.101451  -0.00449651
-0.103465 0.104855  -0.0048428
-0.107125 0.108257  -0.00520153
-0.110783 0.111657  -0.00557267
-0.114441 0.115056  -0.0059562
-0.118073 0.118453  -0.00635211
-0.121702 0.121848  -0.00676034
-0.125315 0.125242  -0.00718087
-0.128924 0.128635  -0.00761369
-0.132535 0.132026  -0.0080588
-0.13612 0.135416  -0.00851614
-0.139692 0.138804  -0.00898565
-0.143265 0.142191  -0.00946729
-0.146837 0.145577  -0.00996104
-0.150384 0.14896  -0.0104668
-0.153927 0.152342  -0.0109846
-0.157454 0.155722  -0.0115143
-0.160979 0.1591  -0.0120558
-0.164488 0.162475  -0.0126092
-0.167994 0.165848  -0.0131745
-0.171484 0.169219  -0.0137514
-0.174972 0.172588  -0.0143401
-0.178461 0.175955  -0.0149406
-0.181924 0.17932  -0.0155528
-0.185384 0.182683  -0.0161767
-0.188828 0.186043  -0.0168122
-0.192269 0.189402  -0.0174593
-0.195711 0.192759  -0.018118
-0.199128 0.196113  -0.0187882
-0.202542 0.199466  -0.0194699
-0.20594 0.202815  -0.020163
-0.209336 0.206163  -0.0208674
-0.212732 0.209507  -0.0215831
-0.216104 0.212849  -0.0223102
-0.219472 0.216189  -0.0230484
-0.222825 0.219526  -0.0237979
-0.226175 0.22286  -0.0245585
-0.229527 0.226192  -0.0253303
-0.232853 0.229521  -0.0261133
-0.236176 0.232848  -0.0269073
-0.239501 0.236172  -0.0277124
-0.2428 0.239493  -0.0285285
-0.246097 0.242812  -0.0293556
-0.249378 0.246128  -0.0301936
-0.252656 0.249441  -0.0310425
-0.25592 0.252752  -0.0319022
-0.259181 0.256059  -0.0327727
-0.262443 0.259364  -0.033654
-0.26568 0.262666  -0.034546
-0.268915 0.265965  -0.0354486
-0.272134 0.26926  -0.0363618
-0.275351 0.272553  -0.0372857
-0.278569 0.275843  -0.0382201
-0.281762 0.279129  -0.0391651
-0.284953 0.282413  -0.0401206
-0.288145 0.285694  -0.0410865
-0.291312 0.288971  -0.0420629
-0.294477 0.292246  -0.0430497
-0.297642 0.295517  -0.0440469
-0.300784 0.298786  -0.0450543
-0.303923 0.302051  -0.0460721
-0.307046 0.305313  -0.0471
-0.310168 0.308571  -0.0481381
-0.31329 0.311826  -0.0491863
-0.316389 0.315078  -0.0502447
-0.319485 0.318327  -0.0513131
-0.322581 0.321572  -0.0523915
-0.325655 0.324814  -0.05348
-0.328725 0.328052  -0.0545784
-0.331781 0.331287  -0.0556867
-0.334834 0.334519  -0.0568049
-0.337888 0.337747  -0.057933
-0.340919 0.340972  -0.0590709
-0.343947 0.344194  -0.0602186
-0.346976 0.347412  -0.061376
-0.349982 0.350626  -0.0625431
-0.352985 0.353837  -0.0637199
-0.355989 0.357044  -0.0649063
-0.358969 0.360248  -0.0661022
-0.361947 0.363448  -0.0673078
-0.364911 0.366644  -0.0685228
-0.367872 0.369837  -0.0697472
-0.370835 0.373026  -0.0709811
-0.373774 0.376212  -0.0722244
-0.376711 0.379393  -0.0734771
-0.379633 0.382571  -0.074739
-0.382554 0.385746  -0.0760103
-0.385475 0.388917  -0.0772908
-0.388374 0.392083  -0.0785806
-0.391269 0.395247  -0.0798795
-0.394166 0.398406  -0.0811876
-0.39704 0.401562  -0.0825047
-0.399912 0.404713  -0.0838309
-0.402769 0.407861  -0.0851662
-0.405625 0.411005  -0.0865104
-0.408481 0.414146  -0.0878636
-0.411315 0.417282  -0.0892256
-0.414146 0.420414  -0.0905966
-0.416978 0.423543  -0.0919765
-0.419788 0.426667  -0.0933651
-0.422596 0.429788  -0.0947626
-0.425389 0.432905  -0.0961687
-0.428181 0.436018  -0.0975836
-0.430973 0.439126  -0.0990072
-0.433744 0.442231  -0.100439
-0.436511 0.445332  -0.10188
-0.439266 0.448429  -0.103329
-0.442018 0.451522  -0.104787
-0.44477 0.454611  -0.106254
-0.447502 0.457695  -0.107728
-0.45023 0.460776  -0.109212
-0.45296 0.463853  -0.110703
-0.455668 0.466925  -0.112203
-0.458373 0.469993  -0.113711
-0.461065 0.473058  -0.115228
-0.463755 0.476118  -0.116753
-0.466446 0.479174  -0.118286
-0.469115 0.482226  -0.119827
-0.471782 0.485274  -0.121376
-0.474435 0.488318  -0.122933
-0.477087 0.491357  -0.124499
-0.479739 0.494393  -0.126072
-0.482371 0.497424  -0.127654
-0.484999 0.500451  -0.129243
-0.487615 0.503473  -0.130841
-0.490229 0.506492  -0.132446
-0.492843 0.509507  -0.134059
-0.495436 0.512517  -0.13568
-0.498027 0.515523  -0.137309
-0.500606 0.518524  -0.138946
-0.503182 0.521522  -0.14059
-0.505758 0.524515  -0.142242
-0.508315 0.527504  -0.143902
-0.510868 0.530489  -0.145569
-0.513423 0.533469  -0.147244
-0.515957 0.536445  -0.148926
-0.518488 0.539417  -0.150616
-0.521007 0.542384  -0.152314
-0.523524 0.545348  -0.154019
-0.526041 0.548307  -0.155731
-0.528538 0.551261  -0.157451
-0.531033 0.554211  -0.159178
-0.533515 0.557157  -0.160913
-0.535996 0.560099  -0.162655
-0.538477 0.563036  -0.164404
-0.540938 0.565969  -0.16616
-0.543396 0.568898  -0.167924
-0.545855 0.571822  -0.169694
-0.548294 0.574742  -0.171472
-0.550731 0.577658  -0.173257
-0.553156 0.580569  -0.175049
-0.555578 0.583476  -0.176849
-0.558002 0.586378  -0.178655
-0.560405 0.589276  -0.180468
-0.562806 0.59217  -0.182288
-0.565208 0.595059  -0.184115
-0.567591 0.597944  -0.185949
-0.569971 0.600825  -0.18779
-0.572339 0.603701  -0.189637
-0.574705 0.606572  -0.191492
-0.577071 0.60944  -0.193353
-0.579418 0.612303  -0.195221
-0.581763 0.615161  -0.197096
-0.584109 0.618015  -0.198977
-0.586442 0.620865  -0.200865
-0.588773 0.62371  -0.20276
-0.591085 0.626551  -0.204661
-0.593395 0.629387  -0.206569
-0.595706 0.632219  -0.208483
-0.597998 0.635047  -0.210404
-0.600288 0.63787  -0.212331
-0.602566 0.640689  -0.214265
-0.604841 0.643503  -0.216205
-0.607118 0.646313  -0.218152
-0.609376 0.649118  -0.220105
-0.611631 0.651919  -0.222064
-0.613875 0.654716  -0.224029
-0.616117 0.657508  -0.226001
-0.61836 0.660296  -0.227979
-0.620584 0.663079  -0.229963
-0.622805 0.665858  -0.231954
-0.625028 0.668632  -0.23395
-0.627232 0.671402  -0.235953
-0.629434 0.674168  -0.237962
-0.631624 0.676929  -0.239977
-0.633812 0.679686  -0.241998
-0.636001 0.682438  -0.244025
-0.638172 0.685186  -0.246058
-0.640341 0.687929  -0.248096
-0.642498 0.690668  -0.250141
-0.644654 0.693402  -0.252192
-0.64681 0.696133  -0.254248
-0.648948 0.698858  -0.256311
-0.651084 0.701579  -0.258379
-0.653221 0.704296  -0.260453
-0.655339 0.707008  -0.262533
-0.657456 0.709716  -0.264618
-0.659561 0.71242  -0.26671
-0.661665 0.715119  -0.268807
-0.663757 0.717814  -0.270909
-0.665848 0.720504  -0.273017
-0.66794 0.72319  -0.275131
-0.670013 0.725871  -0.277251
-0.672085 0.728548  -0.279375
-0.674146 0.731221  -0.281506
-0.676205 0.733889  -0.283642
-0.678253 0.736553  -0.285783
-0.680299 0.739212  -0.28793
-0.682335 0.741867  -0.290082
-0.684369 0.744518  -0.29224
-0.686403 0.747164  -0.294403
-0.68842 0.749806  -0.296572
-0.690435 0.752443  -0.298745
-0.69244 0.755076  -0.300924
-0.694442 0.757705  -0.303109
-0.696446 0.760329  -0.305298
-0.698432 0.762949  -0.307493
-0.700416 0.765564  -0.309693
-0.70239 0.768176  -0.311898
-0.704361 0.770782  -0.314108
-0.706334 0.773385  -0.316323
-0.70829 0.775983  -0.318544
-0.710243 0.778576  -0.320769
-0.712186 0.781166  -0.323
-0.714128 0.783751  -0.325236
-0.71607 0.786331  -0.327476
-0.717995 0.788907  -0.329722
-0.719918 0.791479  -0.331972
-0.721831 0.794047  -0.334228
-0.723743 0.79661  -0.336488
-0.725655 0.799169  -0.338753
-0.72755 0.801724  -0.341023
-0.729444 0.804274  -0.343298
-0.731327 0.80682  -0.345578
-0.733209 0.809362  -0.347863
-0.735091 0.811899  -0.350152
-0.736957 0.814432  -0.352446
-0.738821 0.816961  -0.354745
-0.740685 0.819485  -0.357048
-0.742534 0.822006  -0.359356
-0.74438 0.824521  -0.361669
-0.746216 0.827033  -0.363986
-0.748051 0.82954  -0.366308
-0.749887 0.832044  -0.368635
-0.751706 0.834542  -0.370966
-0.753524 0.837037  -0.373302
-0.755331 0.839527  -0.375642
-0.757137 0.842013  -0.377987
-0.758933 0.844495  -0.380336
-0.760728 0.846973  -0.382689
-0.762523 0.849446  -0.385047
-0.764303 0.851915  -0.38741
-0.76608 0.85438  -0.389777
-0.767859 0.856841  -0.392148
-0.769621 0.859297  -0.394523
-0.771382 0.86175  -0.396903
-0.773133 0.864198  -0.399287
-0.774882 0.866642  -0.401676
-0.776632 0.869081  -0.404069
-0.778367 0.871517  -0.406465
-0.7801 0.873948  -0.408867
-0.781823 0.876375  -0.411272
-0.783545 0.878798  -0.413681
-0.785267 0.881217  -0.416095
-0.786974 0.883632  -0.418513
-0.78868 0.886043  -0.420935
-0.790375 0.888449  -0.423361
-0.79207 0.890852  -0.425791
-0.793765 0.89325  -0.428225
-0.795445 0.895644  -0.430663
-0.797123 0.898034  -0.433105
-0.798792 0.90042  -0.435552
-0.800459 0.902802  -0.438002
-0.802127 0.905179  -0.440456
-0.80378 0.907553  -0.442914
-0.805431 0.909922  -0.445376
-0.807073 0.912288  -0.447842
-0.808714 0.914649  -0.450311
-0.810355 0.917007  -0.452785
-0.811981 0.91936  -0.455262
-0.813606 0.921709  -0.457743
-0.815222 0.924055  -0.460229
-0.816836 0.926396  -0.462717
-0.818451 0.928733  -0.46521
-0.820051 0.931066  -0.467706
-0.82165 0.933395  -0.470206
-0.823239 0.93572  -0.47271
-0.824828 0.938042  -0.475217
-0.826416 0.940359  -0.477729
-0.827991 0.942672  -0.480243
-0.829563 0.944981  -0.482762
-0.831127 0.947286  -0.485284
-0.83269 0.949588  -0.487809
-0.834253 0.951885  -0.490338
-0.835802 0.954179  -0.492871
-0.837349 0.956468  -0.495408
-0.838888 0.958754  -0.497947
-0.840425 0.961035  -0.500491
-0.841963 0.963313  -0.503037
-0.843486 0.965587  -0.505588
-0.845008 0.967857  -0.508141
-0.846522 0.970123  -0.510699
-0.848034 0.972385  -0.513259
-0.849547 0.974643  -0.515823
-0.851046 0.976897  -0.518391
-0.852543 0.979148  -0.520961
-0.854032 0.981395  -0.523535
-0.855519 0.983638  -0.526113
-0.857007 0.985877  -0.528694
-0.858482 0.988112  -0.531278
-0.859955 0.990343  -0.533865
-0.861428 0.992571  -0.536456
-0.862888 0.994794  -0.53905
-0.864346 0.997014  -0.541647
-0.865796 0.99923  -0.544247
-0.867245 1.00144  -0.546851
-0.868694 1.00365  -0.549458
-0.87013 1.00586  -0.552067
-0.871564 1.00806  -0.554681
-0.872999 1.01025  -0.557297
-0.874425 1.01245  -0.559916
-0.875849 1.01464  -0.562539
-0.877262 1.01682  -0.565164
-0.878672 1.01901  -0.567793
-0.880075 1.02119  -0.570425
-0.881476 1.02336  -0.573059
-0.882878 1.02553  -0.575697
-0.884267 1.0277  -0.578338
-0.885654 1.02986  -0.580982
-0.887042 1.03202  -0.583629
-0.888417 1.03418  -0.586278
-0.88979 1.03633  -0.588931
-0.891156 1.03848  -0.591587
-0.89252 1.04063  -0.594245
-0.893885 1.04277  -0.596907
-0.895237 1.04491  -0.599571
-0.896587 1.04704  -0.602239
-0.897939 1.04917  -0.604909
-0.899277 1.0513  -0.607582
-0.900614 1.05343  -0.610258
-0.901952 1.05555  -0.612937
-0.903277 1.05766  -0.615618
-0.904601 1.05978  -0.618302
-0.905917 1.06189  -0.620989
-0.907231 1.06399  -0.623679
-0.908547 1.06609  -0.626372
-0.90985 1.06819  -0.629067
-0.911151 1.07029  -0.631765
-0.912453 1.07238  -0.634466
-0.913743 1.07447  -0.63717
-0.915032 1.07655  -0.639876
-0.916313 1.07864  -0.642585
-0.917593 1.08071  -0.645296
-0.918865 1.08279  -0.64801
-0.920136 1.08486  -0.650727
-0.921408 1.08693  -0.653447
-0.922668 1.08899  -0.656169
-0.923926 1.09105  -0.658893
-0.925185 1.09311  -0.661621
-0.926432 1.09516  -0.66435
-0.927677 1.09721  -0.667083
-0.928916 1.09926  -0.669817
-0.930153 1.1013  -0.672555
-0.931391 1.10335  -0.675295
-0.932617 1.10538  -0.678037
-0.933841 1.10742  -0.680782
-0.935059 1.10945  -0.683529
-0.936275 1.11147  -0.686279
-0.937492 1.1135  -0.689032
-0.938697 1.11552  -0.691786
-0.939901 1.11753  -0.694544
-0.941106 1.11955  -0.697303
-0.942299 1.12156  -0.700065
-0.943491 1.12356  -0.702829
-0.944683 1.12557  -0.705596
-0.945864 1.12757  -0.708365
-0.947043 1.12956  -0.711137
-0.948216 1.13156  -0.713911
-0.949388 1.13355  -0.716687
-0.950559 1.13554  -0.719465
-0.951721 1.13752  -0.722246
-0.95288 1.1395  -0.725029
-0.954033 1.14148  -0.727815
-0.955185 1.14345  -0.730602
-0.956337 1.14542  -0.733392
-0.957478 1.14739  -0.736184
-0.958618 1.14936  -0.738979
-0.959751 1.15132  -0.741775
-0.960883 1.15328  -0.744574
-0.962016 1.15523  -0.747375
-0.963138 1.15718  -0.750178
-0.964258 1.15913  -0.752984
-0.965379 1.16108  -0.755791
-0.96649 1.16302  -0.758601
-0.967599 1.16496  -0.761413
-0.968702 1.1669  -0.764227
-0.969803 1.16883  -0.767043
-0.970905 1.17076  -0.769862
-0.971996 1.17269  -0.772682
-0.973087 1.17461  -0.775504
-0.97417 1.17653  -0.778329
-0.975253 1.17845  -0.781156
-0.976336 1.18036  -0.783984
-0.977409 1.18228  -0.786815
-0.978481 1.18418  -0.789648
-0.979546 1.18609  -0.792483
-0.98061 1.18799  -0.79532
-0.981675 1.18989  -0.798159
-0.98273 1.19179  -0.800999
-0.983783 1.19368  -0.803842
-0.984837 1.19557  -0.806687
-0.98588 1.19746  -0.809534
-0.986923 1.19935  -0.812383
-0.987966 1.20123  -0.815234
-0.988999 1.20311  -0.818086
-0.990031 1.20498  -0.820941
-0.991056 1.20685  -0.823798
-0.992081 1.20872  -0.826656
-0.993106 1.21059  -0.829516
-0.994121 1.21245  -0.832379
-0.995135 1.21432  -0.835243
-0.99615 1.21617  -0.838109
-0.997155 1.21803  -0.840977
-0.998158 1.21988  -0.843847
-0.999156 1.22173  -0.846718
-1.00015 1.22358  -0.849592
-1.00115 1.22542  -0.852467
-1.00214 1.22726  -0.855344
-1.00312 1.2291  -0.858223
-1.0041 1.23094  -0.861104
-1.00508 1.23277  -0.863986
-1.00606 1.2346  -0.866871
-1.00704 1.23642  -0.869757
-1.008 1.23825  -0.872645
-1.00897 1.24007  -0.875534
-1.00993 1.24189  -0.878425
-1.0109 1.2437  -0.881319
-1.01185 1.24552  -0.884213
-1.0128 1.24733  -0.88711
-1.01376 1.24913  -0.890008
-1.0147 1.25094  -0.892908
-1.01564 1.25274  -0.89581
-1.01658 1.25454  -0.898713
-1.01752 1.25633  -0.901618
-1.01845 1.25813  -0.904525
-1.01938 1.25992  -0.907433
-1.02031 1.26171  -0.910344
-1.02124 1.26349  -0.913255
-1.02216 1.26527  -0.916169
-1.02307 1.26705  -0.919083
-1.02399 1.26883  -0.922
-1.0249 1.27061  -0.924918
-1.02581 1.27238  -0.927838
-1.02671 1.27415  -0.930759
-1.02761 1.27592  -0.933682
-1.02851 1.27768  -0.936607
-1.0294 1.27944  -0.939533
-1.0303 1.2812  -0.942461
-1.03119 1.28296  -0.94539
-1.03207 1.28471  -0.948321
-1.03296 1.28646  -0.951254
-1.03384 1.28821  -0.954187
-1.03472 1.28995  -0.957123
-1.03559 1.2917  -0.96006
-1.03646 1.29344  -0.962998
-1.03733 1.29518  -0.965938
-1.0382 1.29691  -0.96888
-1.03906 1.29865  -0.971823
-1.03991 1.30038  -0.974767
-1.04077 1.3021  -0.977713
-1.04163 1.30383  -0.980661
-1.04248 1.30555  -0.98361
-1.04332 1.30727  -0.98656
-1.04417 1.30899  -0.989512
-1.04501 1.31071  -0.992465
-1.04585 1.31242  -0.99542
-1.04669 1.31413  -0.998376
-1.04752 1.31584  -1.00133
-1.04835 1.31754  -1.00429
-1.04917 1.31925  -1.00725
-1.05 1.32095  -1.01021
-1.05082 1.32265  -1.01318
-1.05164 1.32434  -1.01614
-1.05246 1.32603  -1.01911
-1.05327 1.32773  -1.02208
-1.05408 1.32941  -1.02504
-1.05489 1.3311  -1.02801
-1.05569 1.33278  -1.03099
-1.0565 1.33447  -1.03396
-1.05729 1.33614  -1.03693
-1.05809 1.33782  -1.03991
-1.05888 1.3395  -1.04288
-1.05968 1.34117  -1.04586
-1.06047 1.34284  -1.04884
-1.06125 1.3445  -1.05182
-1.06204 1.34617  -1.0548
-1.06282 1.34783  -1.05779
-1.0636 1.34949  -1.06077
-1.06437 1.35115  -1.06376
-1.06514 1.3528  -1.06675
-1.06592 1.35446  -1.06973
-1.06668 1.35611  -1.07272
-1.06745 1.35776  -1.07571
-1.06821 1.3594  -1.07871
-1.06897 1.36105  -1.0817
-1.06973 1.36269  -1.08469
-1.07048 1.36433  -1.08769
-1.07123 1.36597  -1.09069
-1.07198 1.3676  -1.09369
-1.07273 1.36923  -1.09669
-1.07348 1.37086  -1.09969
-1.07422 1.37249  -1.10269
-1.07496 1.37412  -1.10569
-1.07569 1.37574  -1.1087
-1.07643 1.37736  -1.1117
-1.07716 1.37898  -1.11471
-1.07789 1.3806  -1.11772
-1.07862 1.38221  -1.12072
-1.07935 1.38383  -1.12374
-1.08007 1.38544  -1.12675
-1.08079 1.38705  -1.12976
-1.08151 1.38865  -1.13277
-1.08222 1.39026  -1.13579
-1.08294 1.39186  -1.1388
-1.08365 1.39346  -1.14182
-1.08436 1.39506  -1.14484
-1.08506 1.39665  -1.14786
-1.08577 1.39824  -1.15088
-1.08647 1.39984  -1.1539
-1.08717 1.40143  -1.15692
-1.08787 1.40301  -1.15995
-1.08856 1.4046  -1.16297
-1.08925 1.40618  -1.166
-1.08994 1.40776  -1.16903
-1.09063 1.40934  -1.17205
-1.09132 1.41092  -1.17508
-1.092 1.41249  -1.17811
-1.09268 1.41406  -1.18115
-1.09336 1.41563  -1.18418
-1.09404 1.4172  -1.18721
-1.09471 1.41877  -1.19025
-1.09539 1.42033  -1.19328
-1.09606 1.42189  -1.19632
-1.09673 1.42345  -1.19936
-1.09739 1.42501  -1.2024
-1.09805 1.42657  -1.20544
-1.09872 1.42812  -1.20848
-1.09938 1.42967  -1.21152
-1.10003 1.43122  -1.21456
-1.10069 1.43277  -1.2176
-1.10134 1.43432  -1.22065
-1.10199 1.43586  -1.2237
-1.10265 1.4374  -1.22674
-1.10329 1.43894  -1.22979
-1.10394 1.44048  -1.23284
-1.10458 1.44202  -1.23589
-1.10522 1.44355  -1.23894
-1.10586 1.44508  -1.24199
-1.1065 1.44661  -1.24505
-1.10713 1.44814  -1.2481
-1.10776 1.44967  -1.25115
-1.1084 1.45119  -1.25421
-1.10902 1.45272  -1.25727
-1.10965 1.45424  -1.26032
-1.11028 1.45575  -1.26338
-1.1109 1.45727  -1.26644
-1.11152 1.45879  -1.2695
-1.11214 1.4603  -1.27256
-1.11276 1.46181  -1.27563
-1.11338 1.46332  -1.27869
-1.11399 1.46483  -1.28175
-1.1146 1.46633  -1.28482
-1.11521 1.46784  -1.28789
-1.11582 1.46934  -1.29095
-1.11643 1.47084  -1.29402
-1.11704 1.47233  -1.29709
-1.11764 1.47383  -1.30016
-1.11824 1.47532  -1.30323
-1.11884 1.47682  -1.3063
-1.11943 1.47831  -1.30937
-1.12003 1.4798  -1.31245
-1.12062 1.48128  -1.31552
-1.12122 1.48277  -1.3186
-1.12181 1.48425  -1.32167
-1.12239 1.48573  -1.32475
-1.12298 1.48721  -1.32783
-1.12357 1.48869  -1.3309
-1.12415 1.49017  -1.33398
-1.12473 1.49164  -1.33706
-1.12531 1.49311  -1.34014
-1.12589 1.49458  -1.34323
-1.12647 1.49605  -1.34631
-1.12704 1.49752  -1.34939
-1.12762 1.49898  -1.35248
-1.12819 1.50045  -1.35556
-1.12876 1.50191  -1.35865
-1.12933 1.50337  -1.36174
-1.1299 1.50483  -1.36482
-1.13046 1.50628  -1.36791
-1.13103 1.50774  -1.371
-1.13159 1.50919  -1.37409
-1.13215 1.51064  -1.37718
-1.13271 1.51209  -1.38027
-1.13326 1.51354  -1.38337
-1.13382 1.51499  -1.38646
-1.13438 1.51643  -1.38955
-1.13493 1.51787  -1.39265
-1.13548 1.51931  -1.39575
-1.13603 1.52075  -1.39884
-1.13658 1.52219  -1.40194
-1.13713 1.52363  -1.40504
-1.13767 1.52506  -1.40814
-1.13821 1.52649  -1.41124
-1.13876 1.52792  -1.41434
-1.1393 1.52935  -1.41744
-1.13984 1.53078  -1.42054
-1.14037 1.5322  -1.42364
-1.14091 1.53363  -1.42675
-1.14145 1.53505  -1.42985
-1.14198 1.53647  -1.43296
-1.14251 1.53789  -1.43606
-1.14305 1.53931  -1.43917
-1.14358 1.54072  -1.44228
-1.1441 1.54214  -1.44538
-1.14463 1.54355  -1.44849
-1.14516 1.54496  -1.4516
-1.14568 1.54637  -1.45471
-1.1462 1.54778  -1.45782
-1.14673 1.54918  -1.46094
-1.14725 1.55059  -1.46405
-1.14777 1.55199  -1.46716
-1.14828 1.55339  -1.47028
-1.1488 1.55479  -1.47339
-1.14932 1.55619  -1.47651
-1.14983 1.55759  -1.47962
-1.15034 1.55898  -1.48274
-1.15085 1.56037  -1.48586
-1.15136 1.56176  -1.48897
-1.15187 1.56315  -1.49209
-1.15238 1.56454  -1.49521
-1.15289 1.56593  -1.49833
-1.15339 1.56731  -1.50145
-1.1539 1.5687  -1.50458
-1.1544 1.57008  -1.5077
-1.1549 1.57146  -1.51082
-1.15541 1.57284  -1.51395
-1.15591 1.57422  -1.51707
-1.1564 1.57559  -1.5202
-1.1569 1.57697  -1.52332
-1.1574 1.57834  -1.52645
-1.15789 1.57971  -1.52958
-1.15839 1.58108  -1.5327
-1.15888 1.58245  -1.53583
-1.15938 1.58381  -1.53896
-1.15987 1.58518  -1.54209
-1.16036 1.58654  -1.54522
-1.16084 1.5879  -1.54835
-1.16133 1.58926  -1.55149
-1.16182 1.59062  -1.55462
-1.16231 1.59198  -1.55775
-1.16279 1.59333  -1.56089
-1.16328 1.59469  -1.56402
-1.16376 1.59604  -1.56716
-1.16424 1.59739  -1.57029
-1.16472 1.59874  -1.57343
-1.1652 1.60009  -1.57656
-1.16568 1.60144  -1.5797
-1.16616 1.60278  -1.58284
-1.16664 1.60412  -1.58598
-1.16712 1.60547  -1.58912
-1.16759 1.60681  -1.59226
-1.16807 1.60815  -1.5954
-1.16854 1.60948  -1.59854
-1.16901 1.61082  -1.60169
-1.16949 1.61215  -1.60483
-1.16996 1.61349  -1.60797
-1.17043 1.61482  -1.61112
-1.1709 1.61615  -1.61426
-1.17137 1.61748  -1.61741
-1.17184 1.61881  -1.62055
-1.1723 1.62013  -1.6237
-1.17277 1.62146  -1.62685
-1.17324 1.62278  -1.62999
-1.1737 1.6241  -1.63314
-1.17417 1.62542  -1.63629
-1.17463 1.62674  -1.63944
-1.17509 1.62805  -1.64259
-1.17555 1.62937  -1.64574
-1.17601 1.63068  -1.64889
-1.17648 1.632  -1.65205
-1.17694 1.63331  -1.6552
-1.17739 1.63462  -1.65835
-1.17785 1.63593  -1.66151
-1.17831 1.63723  -1.66466
-1.17877 1.63854  -1.66782
-1.17922 1.63984  -1.67097
-1.17968 1.64114  -1.67413
-1.18014 1.64244  -1.67729
-1.18059 1.64374  -1.68044
-1.18104 1.64504  -1.6836
-1.1815 1.64634  -1.68676
-1.18195 1.64763  -1.68992
-1.1824 1.64893  -1.69308
-1.18285 1.65022  -1.69624
-1.18331 1.65151  -1.6994
-1.18376 1.6528  -1.70256
-1.18421 1.65409  -1.70572
-1.18466 1.65538  -1.70889
-1.1851 1.65666  -1.71205
-1.18555 1.65795  -1.71521
-1.186 1.65923  -1.71838
-1.18645 1.66051  -1.72154
-1.1869 1.66179  -1.72471
-1.18734 1.66307  -1.72788
-1.18779 1.66434  -1.73104
-1.18823 1.66562  -1.73421
-1.18868 1.66689  -1.73738
-1.18912 1.66816  -1.74055
-1.18957 1.66944  -1.74372
-1.19001 1.67071  -1.74689
-1.19046 1.67197  -1.75006
-1.1909 1.67324  -1.75323
-1.19134 1.67451  -1.7564
-1.19178 1.67577  -1.75957
-1.19223 1.67703  -1.76274
-1.19267 1.67829  -1.76591
-1.19311 1.67955  -1.76909
-1.19355 1.68081  -1.77226
-1.19399 1.68207  -1.77544
-1.19443 1.68333  -1.77861
-1.19487 1.68458  -1.78179
-1.19531 1.68583  -1.78496
-1.19575 1.68708  -1.78814
-1.19619 1.68833  -1.79132
-1.19663 1.68958  -1.7945
-1.19707 1.69083  -1.79767
-1.19751 1.69208  -1.80085
-1.19794 1.69332  -1.80403
-1.19838 1.69456  -1.80721
-1.19882 1.69581  -1.81039
-1.19926 1.69705  -1.81358
-1.19969 1.69829  -1.81676
-1.20013 1.69952  -1.81994
-1.20057 1.70076  -1.82312
-1.20101 1.70199  -1.82631
-1.20144 1.70323  -1.82949
-1.20188 1.70446  -1.83267
-1.20232 1.70569  -1.83586
-1.20275 1.70692  -1.83904
-1.20319 1.70815  -1.84223
-1.20363 1.70937  -1.84542
-1.20406 1.7106  -1.8486
-1.2045 1.71182  -1.85179
-1.20493 1.71304  -1.85498
-1.20537 1.71427  -1.85817
-1.20581 1.71548  -1.86136
-1.20624 1.7167  -1.86455
-1.20668 1.71792  -1.86774
-1.20711 1.71913  -1.87093
-1.20755 1.72035  -1.87412
-1.20799 1.72156  -1.87731
-1.20842 1.72277  -1.8805
-1.20886 1.72398  -1.8837
-1.2093 1.72519  -1.88689
-1.20973 1.7264  -1.89008
-1.21017 1.7276  -1.89328
-1.2106 1.72881  -1.89647
-1.21104 1.73001  -1.89967
-1.21148 1.73121  -1.90287
-1.21191 1.73241  -1.90606
-1.21235 1.73361  -1.90926
-1.21279 1.73481  -1.91246
-1.21323 1.736  -1.91566
-1.21366 1.7372  -1.91885
-1.2141 1.73839  -1.92205
-1.21454 1.73958  -1.92525
-1.21498 1.74077  -1.92845
-1.21542 1.74196  -1.93165
-1.21585 1.74315  -1.93486
-1.21629 1.74433  -1.93806
-1.21673 1.74552  -1.94126
-1.21717 1.7467  -1.94446
-1.21761 1.74788  -1.94767
-1.21805 1.74906  -1.95087
-1.21849 1.75024  -1.95408
-1.21893 1.75142  -1.95728
-1.21937 1.7526  -1.96049
-1.21981 1.75377  -1.96369
-1.22025 1.75494  -1.9669
-1.2207 1.75612  -1.97011
-1.22114 1.75729  -1.97331
-1.22158 1.75846  -1.97652
-1.22202 1.75962  -1.97973
-1.22247 1.76079  -1.98294
-1.22291 1.76195  -1.98615
-1.22336 1.76312  -1.98936
-1.2238 1.76428  -1.99257
-1.22425 1.76544  -1.99578
-1.22469 1.7666  -1.99899
-1.22514 1.76776  -2.0022
-1.22558 1.76891  -2.00542
-1.22603 1.77007  -2.00863
-1.22648 1.77122  -2.01184
-1.22693 1.77237  -2.01506
-1.22738 1.77352  -2.01827
-1.22783 1.77467  -2.02149
-1.22828 1.77582  -2.0247
-1.22873 1.77697  -2.02792
-1.22918 1.77811  -2.03114
-1.22963 1.77925  -2.03436
-1.23008 1.7804  -2.03757
-1.23054 1.78154  -2.04079
-1.23099 1.78267  -2.04401
-1.23144 1.78381  -2.04723
-1.2319 1.78495  -2.05045
-1.23235 1.78608  -2.05367
-1.23281 1.78722  -2.05689
-1.23327 1.78835  -2.06011
-1.23373 1.78948  -2.06334
-1.23419 1.79061  -2.06656
-1.23465 1.79173  -2.06978
-1.23511 1.79286  -2.073
-1.23557 1.79398  -2.07623
-1.23603 1.79511  -2.07945
-1.23649 1.79623  -2.08268
-1.23696 1.79735  -2.0859
-1.23742 1.79846  -2.08913
-1.23789 1.79958  -2.09236
-1.23835 1.8007  -2.09558
-1.23882 1.80181  -2.09881
-1.23929 1.80292  -2.10204
-1.23976 1.80403  -2.10527
-1.24023 1.80514  -2.1085
-1.2407 1.80625  -2.11173
-1.24117 1.80735  -2.11496
-1.24165 1.80846  -2.11819
-1.24212 1.80956  -2.12142
-1.2426 1.81066  -2.12465
-1.24307 1.81176  -2.12789
-1.24355 1.81286  -2.13112
-1.24403 1.81396  -2.13435
-1.24451 1.81505  -2.13759
-1.24499 1.81615  -2.14082
-1.24547 1.81724  -2.14406
-1.24596 1.81833  -2.14729
-1.24644 1.81942  -2.15053
-1.24693 1.82051  -2.15377
-1.24741 1.82159  -2.157
-1.2479 1.82268  -2.16024
-1.24839 1.82376  -2.16348
-1.24888 1.82484  -2.16672
-1.24937 1.82592  -2.16996
-1.24987 1.827  -2.1732
-1.25036 1.82807  -2.17644
-1.25086 1.82915  -2.17968
-1.25135 1.83022  -2.18292
-1.25185 1.83129  -2.18616
-1.25235 1.83236  -2.1894
-1.25285 1.83343  -2.19265
-1.25336 1.8345  -2.19589
-1.25386 1.83556  -2.19914
-1.25437 1.83663  -2.20238
-1.25487 1.83769  -2.20563
-1.25538 1.83875  -2.20887
-1.25589 1.83981  -2.21212
-1.25641 1.84086  -2.21536
-1.25692 1.84192  -2.21861
-1.25744 1.84297  -2.22186
-1.25795 1.84403  -2.22511
-1.25847 1.84508  -2.22836
-1.25899 1.84612  -2.23161
-1.25951 1.84717  -2.23486
-1.26003 1.84822  -2.23811
-1.26056 1.84926  -2.24136
-1.26108 1.8503  -2.24461
-1.26161 1.85134  -2.24786
-1.26215 1.85238  -2.25112
-1.26268 1.85341  -2.25437
-1.26321 1.85445  -2.25762
-1.26375 1.85548  -2.26088
-1.26429 1.85651  -2.26413
-1.26483 1.85754  -2.26739
-1.26537 1.85857  -2.27065
-1.26591 1.8596  -2.2739
-1.26646 1.86062  -2.27716
-1.26701 1.86164  -2.28042
-1.26756 1.86266  -2.28368
-1.26811 1.86368  -2.28694
-1.26867 1.8647  -2.2902
-1.26922 1.86572  -2.29346
-1.26978 1.86673  -2.29672
-1.27034 1.86774  -2.29998
-1.2709 1.86875  -2.30324
-1.27147 1.86976  -2.3065
-1.27203 1.87076  -2.30977
-1.27261 1.87177  -2.31303
-1.27318 1.87277  -2.31629
-1.27375 1.87377  -2.31956
-1.27433 1.87477  -2.32282
-1.27491 1.87577  -2.32609
-1.27549 1.87676  -2.32936
-1.27607 1.87775  -2.33262
-1.27666 1.87875  -2.33589
-1.27725 1.87973  -2.33916
-1.27784 1.88072  -2.34243
-1.27843 1.88171  -2.3457
-1.27903 1.88269  -2.34897
-1.27963 1.88367  -2.35224
-1.28024 1.88465  -2.35551
-1.28084 1.88563  -2.35878
-1.28145 1.8866  -2.36206
-1.28206 1.88758  -2.36533
-1.28268 1.88855  -2.3686
-1.28329 1.88952  -2.37188
-1.28391 1.89048  -2.37515
-1.28453 1.89145  -2.37843
-1.28516 1.89241  -2.3817
-1.28578 1.89337  -2.38498
-1.28642 1.89433  -2.38826
-1.28705 1.89529  -2.39153
-1.28768 1.89625  -2.39481
-1.28833 1.8972  -2.39809
-1.28897 1.89815  -2.40137
-1.28961 1.8991  -2.40465
-1.29027 1.90005  -2.40793
-1.29092 1.90099  -2.41122
-1.29158 1.90193  -2.4145
-1.29224 1.90287  -2.41778
-1.2929 1.90381  -2.42106
-1.29357 1.90475  -2.42435
-1.29425 1.90568  -2.42763
-1.29492 1.90661  -2.43092
-1.2956 1.90754  -2.4342
-1.29628 1.90847  -2.43749
-1.29696 1.90939  -2.44078
-1.29765 1.91031  -2.44407
-1.29835 1.91123  -2.44736
-1.29904 1.91215  -2.45064
-1.29975 1.91307  -2.45393
-1.30045 1.91398  -2.45722
-1.30116 1.91489  -2.46052
-1.30188 1.9158  -2.46381
-1.3026 1.91671  -2.4671
-1.30332 1.91761  -2.47039
-1.30405 1.91851  -2.47369
-1.30478 1.91941  -2.47698
-1.30551 1.92031  -2.48028
-1.30626 1.9212  -2.48357
-1.307 1.92209  -2.48687
-1.30775 1.92298  -2.49017
-1.3085 1.92387  -2.49346
-1.30926 1.92475  -2.49676
-1.31002 1.92564  -2.50006
-1.31079 1.92652  -2.50336
-1.31156 1.92739  -2.50666
-1.31235 1.92827  -2.50996
-1.31313 1.92914  -2.51327
-1.31391 1.93001  -2.51657
-1.31471 1.93087  -2.51987
-1.31551 1.93174  -2.52318
-1.31631 1.9326  -2.52648
-1.31713 1.93346  -2.52979
-1.31794 1.93431  -2.53309
-1.31877 1.93517  -2.5364
-1.3196 1.93602  -2.53971
-1.32043 1.93686  -2.54302
-1.32127 1.93771  -2.54633
-1.32212 1.93855  -2.54963
-1.32296 1.93939  -2.55295
-1.32383 1.94023  -2.55626
-1.32469 1.94106  -2.55957
-1.32556 1.94189  -2.56288
-1.32644 1.94272  -2.56619
-1.32733 1.94354  -2.56951
-1.32822 1.94437  -2.57282
-1.32912 1.94519  -2.57614
-1.33002 1.946  -2.57946
-1.33094 1.94681  -2.58277
-1.33186 1.94762  -2.58609
-1.33279 1.94843  -2.58941
-1.33372 1.94923  -2.59273
-1.33466 1.95004  -2.59605
-1.33561 1.95083  -2.59937
-1.33657 1.95163  -2.60269
-1.33753 1.95242  -2.60601
-1.33851 1.95321  -2.60934
-1.33949 1.95399  -2.61266
-1.34047 1.95477  -2.61599
-1.34148 1.95555  -2.61931
-1.34249 1.95633  -2.62264
-1.34351 1.9571  -2.62597
-1.34454 1.95787  -2.62929
-1.34556 1.95863  -2.63262
-1.34661 1.95939  -2.63595
-1.34767 1.96015  -2.63928
-1.34872 1.9609  -2.64262
-1.3498 1.96165  -2.64595
-1.35089 1.9624  -2.64928
-1.35197 1.96314  -2.65261
-1.35309 1.96388  -2.65595
-1.3542 1.96462  -2.65928
-1.35534 1.96535  -2.66262
-1.35648 1.96608  -2.66596
-1.35762 1.96681  -2.6693
-1.35879 1.96753  -2.67264
-1.35996 1.96824  -2.67597
-1.36113 1.96896  -2.67932
-1.36234 1.96967  -2.68266
-1.36355 1.97037  -2.686
-1.36476 1.97107  -2.68934
-1.36601 1.97177  -2.69269
-1.36726 1.97246  -2.69603
-1.36854 1.97315  -2.69938
-1.36982 1.97384  -2.70272
-1.3711 1.97452  -2.70607
-1.3724 1.97519  -2.70942
-1.37371 1.97586  -2.71277
-1.37506 1.97653  -2.71612
-1.37642 1.97719  -2.71947
-1.37777 1.97785  -2.72283
-1.37918 1.9785  -2.72618
-1.38059 1.97915  -2.72953
-1.38202 1.9798  -2.73289
-1.38347 1.98043  -2.73624
-1.38491 1.98107  -2.7396
-1.3864 1.9817  -2.74296
-1.3879 1.98232  -2.74632
-1.38944 1.98294  -2.74968
-1.39098 1.98355  -2.75304
-1.39252 1.98416  -2.7564
-1.39412 1.98477  -2.75976
-1.39572 1.98537  -2.76313
-1.39733 1.98596  -2.76649
-1.399 1.98655  -2.76986
-1.40068 1.98713  -2.77323
-1.40235 1.9877  -2.77659
-1.4041 1.98827  -2.77996
-1.40586 1.98884  -2.78333
-1.40761 1.9894  -2.7867
-1.40944 1.98995  -2.79008
-1.41129 1.99049  -2.79345
-1.41313 1.99103  -2.79682
-1.41505 1.99157  -2.8002
-1.41699 1.9921  -2.80358
-1.41893 1.99262  -2.80695
-1.42096 1.99313  -2.81033
-1.423 1.99364  -2.81371
-1.42504 1.99414  -2.81709
-1.42719 1.99463  -2.82048
-1.42936 1.99512  -2.82386
-1.43151 1.99559  -2.82724
-1.43379 1.99607  -2.83063
-1.43609 1.99653  -2.83402
-1.43838 1.99698  -2.8374
-1.4408 1.99743  -2.84079
-1.44325 1.99787  -2.84418
-1.44578 1.9983  -2.84757
-1.44834 1.99873  -2.85097
-1.45089 1.99914  -2.85436
-1.4536 1.99954  -2.85776
-1.45633 1.99994  -2.86115
-1.45906 2.00033  -2.86455
-1.46199 2.0007  -2.86795
-1.46494 2.00107  -2.87135
-1.46788 2.00143  -2.87475
-1.47105 2.00177  -2.87815
-1.47426 2.00211  -2.88155
-1.47745 2.00243  -2.88496
-1.48092 2.00275  -2.88837
-1.48442 2.00305  -2.89177
-1.48791 2.00334  -2.89518
-1.49174 2.00362  -2.89859
-1.4956 2.00388  -2.902
-1.49945 2.00413  -2.90541
-1.50357 2.00437  -2.90883
-1.50772 2.00459  -2.91224
-1.51198 2.00479  -2.91536
-1.51625 2.00496  -2.91848
-1.52052 2.00513  -2.92161
-1.52483 2.00526  -2.9244
-1.52914 2.00539  -2.9272
-1.53345 2.0055  -2.92999
-1.53778 2.00559  -2.9325
-1.54212 2.00567  -2.935
-1.54646 2.00573  -2.9375
-1.55079 2.00579  -2.94001
-1.55513 2.00583  -2.94251
-1.55946 2.00587  -2.94501
-1.56205 2.00589  -2.94714
-1.56439 2.0059  -2.94813
-1.56465 2.0059  -2.94813
-1.56457 2.0059  -2.94815
-1.5646 2.0059  -2.94816
-1.56459 2.0059  -2.94818
-1.56459 2.0059  -2.94819
-1.56459 2.0059  -2.9482
-1.5646 2.0059  -2.94822
-1.5646 2.0059  -2.94823
-1.5646 2.0059  -2.94824
-1.5646 2.0059  -2.94825
-1.5646 2.0059  -2.94827
-1.5646 2.0059  -2.94828
-1.56461 2.0059  -2.94829
-1.56461 2.0059  -2.94831
-1.56461 2.0059  -2.94832
-1.56461 2.0059  -2.94834
-1.56461 2.0059  -2.94835
-1.56461 2.0059  -2.94837
-1.56461 2.0059  -2.94838
-1.56462 2.0059  -2.94839
-1.56462 2.0059  -2.94841
-1.56462 2.0059  -2.94842
-1.56462 2.0059  -2.94843
-1.56462 2.0059  -2.94844
-1.56462 2.0059  -2.94846
-1.56462 2.0059  -2.94847
-1.56463 2.0059  -2.94848
-1.56463 2.0059  -2.9485
-1.56463 2.0059  -2.94851
-1.56463 2.0059  -2.94852
-1.56463 2.0059  -2.94854
-1.56463 2.0059  -2.94855
-1.56463 2.0059  -2.94857
-1.56464 2.0059  -2.94858
-1.56464 2.0059  -2.94859
-1.56464 2.0059  -2.94861
-1.56464 2.0059  -2.94862
-1.56464 2.0059  -2.94863
-1.56464 2.0059  -2.94865
-1.56464 2.0059  -2.94866
-1.56465 2.0059  -2.94867
-1.56465 2.0059  -2.94869
-1.56465 2.0059  -2.9487
-1.56465 2.0059  -2.94871
-1.56465 2.0059  -2.94873
-1.56465 2.0059  -2.94874
-1.56465 2.0059  -2.94876
-1.56466 2.0059  -2.94877
-1.56466 2.0059  -2.94878
-1.56466 2.0059  -2.9488
-1.56466 2.0059  -2.94881
-1.56466 2.0059  -2.94882
-1.56466 2.0059  -2.94884
-1.56466 2.0059  -2.94885
-1.56466 2.0059  -2.94886
-1.56467 2.0059  -2.94888
-1.56467 2.0059  -2.94889
-1.56467 2.0059  -2.9489
-1.56467 2.0059  -2.94892
-1.56467 2.0059  -2.94893
-1.56467 2.0059  -2.94894
-1.56467 2.0059  -2.94896
-1.56468 2.0059  -2.94897
-1.56468 2.0059  -2.94898
-1.56468 2.0059  -2.949
-1.56468 2.0059  -2.94901
-1.56468 2.0059  -2.94903
-1.56468 2.0059  -2.94904
-1.56468 2.0059  -2.94905
-1.56468 2.0059  -2.94907
-1.56469 2.0059  -2.94908
-1.56469 2.0059  -2.94909
-1.56469 2.0059  -2.94911
-1.56469 2.0059  -2.94912
-1.56469 2.0059  -2.94913
-1.56469 2.0059  -2.94915
-1.56469 2.0059  -2.94916
-1.56469 2.0059  -2.94917
-1.5647 2.0059  -2.94919
-1.5647 2.0059  -2.9492
-1.5647 2.0059  -2.94921
-1.5647 2.0059  -2.94923
-1.5647 2.0059  -2.94924
-1.5647 2.0059  -2.94925
-1.5647 2.0059  -2.94927
-1.5647 2.0059  -2.94928
-1.56471 2.0059  -2.94929
-1.56471 2.0059  -2.94931
-1.56471 2.0059  -2.94932
-1.56471 2.0059  -2.94934
-1.56471 2.0059  -2.94935
-1.56471 2.0059  -2.94936
-1.56471 2.0059  -2.94938
-1.56471 2.0059  -2.94939
-1.56472 2.0059  -2.9494
-1.56472 2.0059  -2.94942
-1.56472 2.0059  -2.94943
-1.56472 2.0059  -2.94944
-1.56472 2.0059  -2.94946
-1.56472 2.0059  -2.94947
-1.56472 2.0059  -2.94948
-1.56472 2.0059  -2.9495
-1.56473 2.0059  -2.94951
-1.56473 2.0059  -2.94952
-1.56473 2.0059  -2.94954
-1.56473 2.0059  -2.94955
-1.56473 2.0059  -2.94957
-1.56473 2.0059  -2.94958
-1.56473 2.0059  -2.94959
-1.56473 2.0059  -2.94961
-1.56474 2.0059  -2.94962
-1.56474 2.0059  -2.94963
-1.56474 2.0059  -2.94965
-1.56474 2.0059  -2.94966
-1.56474 2.0059  -2.94967
-1.56474 2.0059  -2.94969
-1.56474 2.0059  -2.9497
-1.56474 2.0059  -2.94971
-1.56475 2.0059  -2.94973
-1.56475 2.0059  -2.94974
-1.56475 2.0059  -2.94975
-1.56475 2.0059  -2.94977
-1.56475 2.0059  -2.94978
-1.56475 2.0059  -2.94979
-1.56475 2.0059  -2.94981
-1.56475 2.0059  -2.94982
-1.56475 2.0059  -2.94984
-1.56476 2.0059  -2.94985
-1.56476 2.0059  -2.94986
-1.56476 2.0059  -2.94988
-1.56476 2.0059  -2.94989
-1.56476 2.0059  -2.9499
-1.56476 2.0059  -2.94992
-1.56476 2.0059  -2.94993
-1.56476 2.0059  -2.94994
-1.56477 2.0059  -2.94996
-1.56477 2.00591  -2.94997
-1.56477 2.00591  -2.94998
-1.56477 2.00591  -2.95
-1.56477 2.00591  -2.95001
-1.56477 2.00591  -2.95002
-1.56477 2.00591  -2.95004
-1.56477 2.00591  -2.95005
-1.56477 2.00591  -2.95006
-1.56478 2.00591  -2.95008
-1.56478 2.00591  -2.95009
-1.56478 2.00591  -2.9501
-1.56478 2.00591  -2.95012
-1.56478 2.00591  -2.95013
-1.56478 2.00591  -2.95015
-1.56478 2.00591  -2.95016
-1.56478 2.00591  -2.95017
-1.56478 2.00591  -2.95019
-1.56479 2.00591  -2.9502
-1.56479 2.00591  -2.95021
-1.56479 2.00591  -2.95023
-1.56479 2.00591  -2.95024
-1.56479 2.00591  -2.95025
-1.56479 2.00591  -2.95027
-1.56479 2.00591  -2.95028
-1.56479 2.00591  -2.95029
-1.56479 2.00591  -2.95031
-1.5648 2.00591  -2.95032
-1.5648 2.00591  -2.95033
-1.5648 2.00591  -2.95035
-1.5648 2.00591  -2.95036
-1.5648 2.00591  -2.95037
-1.5648 2.00591  -2.95039
-1.5648 2.00591  -2.9504
-1.5648 2.00591  -2.95042
-1.5648 2.00591  -2.95043
-1.56481 2.00591  -2.95044
-1.56481 2.00591  -2.95046
-1.56481 2.00591  -2.95047
-1.56481 2.00591  -2.95048
-1.56481 2.00591  -2.9505
-1.56481 2.00591  -2.95051
-1.56481 2.00591  -2.95052
-1.56481 2.00591  -2.95054
-1.56481 2.00591  -2.95055
-1.56482 2.00591  -2.95056
-1.56482 2.00591  -2.95058
-1.56482 2.00591  -2.95059
-1.56482 2.00591  -2.9506
-1.56482 2.00591  -2.95062
-1.56482 2.00591  -2.95063
-1.56482 2.00591  -2.95064
-1.56482 2.00591  -2.95066
-1.56482 2.00591  -2.95067
-1.56483 2.00591  -2.95069
-1.56483 2.00591  -2.9507
-1.56483 2.00591  -2.95071
-1.56483 2.00591  -2.95073
-1.56483 2.00591  -2.95074
-1.56483 2.00591  -2.95075
-1.56483 2.00591  -2.95077
-1.56483 2.00591  -2.95078
-1.56483 2.00591  -2.95079
-1.56483 2.00591  -2.95081
-1.56484 2.00591  -2.95082
-1.56484 2.00591  -2.95083
-1.56484 2.00591  -2.95085
-1.56484 2.00591  -2.95086
-1.56484 2.00591  -2.95087
-1.56484 2.00591  -2.95089
-1.56484 2.00591  -2.9509
-1.56484 2.00591  -2.95091
-1.56484 2.00591  -2.95093
-1.56485 2.00591  -2.95094
-1.56485 2.00591  -2.95096
-1.56485 2.00591  -2.95097
-1.56485 2.00591  -2.95098
-1.56485 2.00591  -2.951
-1.56485 2.00591  -2.95101
-1.56485 2.00591  -2.95102
-1.56485 2.00591  -2.95104
-1.56485 2.00591  -2.95105
-1.56485 2.00591  -2.95106
-1.56486 2.00591  -2.95108
-1.56486 2.00591  -2.95109
-1.56486 2.00591  -2.9511
-1.56486 2.00591  -2.95112
-1.56486 2.00591  -2.95113
-1.56486 2.00591  -2.95114
-1.56486 2.00591  -2.95116
-1.56486 2.00591  -2.95117
-1.56486 2.00591  -2.95118
-1.56486 2.00591  -2.9512
-1.56487 2.00591  -2.95121
-1.56487 2.00591  -2.95123
-1.56487 2.00591  -2.95124
-1.56487 2.00591  -2.95125
-1.56487 2.00591  -2.95127
-1.56487 2.00591  -2.95128
-1.56487 2.00591  -2.95129
-1.56487 2.00591  -2.95131
-1.56487 2.00591  -2.95132
-1.56487 2.00591  -2.95133
-1.56488 2.00591  -2.95135
-1.56488 2.00591  -2.95136
-1.56488 2.00591  -2.95137
-1.56488 2.00591  -2.95139
-1.56488 2.00591  -2.9514
-1.56488 2.00591  -2.95141
-1.56488 2.00591  -2.95143
-1.56488 2.00591  -2.95144
-1.56488 2.00591  -2.95145
-1.56488 2.00591  -2.95147
-1.56489 2.00591  -2.95148
-1.56489 2.00591  -2.9515
-1.56489 2.00591  -2.95151
-1.56489 2.00591  -2.95152
-1.56489 2.00591  -2.95154
-1.56489 2.00591  -2.95155
-1.56489 2.00591  -2.95156
-1.56489 2.00591  -2.95158
-1.56489 2.00591  -2.95159
-1.56489 2.00591  -2.9516
-1.56489 2.00591  -2.95162
-1.5649 2.00591  -2.95163
-1.5649 2.00591  -2.95164
-1.5649 2.00591  -2.95166
-1.5649 2.00591  -2.95167
-1.5649 2.00591  -2.95168
-1.5649 2.00592  -2.9517
-1.5649 2.00592  -2.95171
-1.5649 2.00592  -2.95172
-1.5649 2.00592  -2.95174
-1.5649 2.00592  -2.95175
-1.56491 2.00592  -2.95177
-1.56491 2.00592  -2.95178
-1.56491 2.00592  -2.95179
-1.56491 2.00592  -2.95181
-1.56491 2.00592  -2.95182
-1.56491 2.00592  -2.95183
-1.56491 2.00592  -2.95185
-1.56491 2.00592  -2.95186
-1.56491 2.00592  -2.95187
-1.56491 2.00592  -2.95189
-1.56491 2.00592  -2.9519
-1.56492 2.00592  -2.95191
-1.56492 2.00592  -2.95193
-1.56492 2.00592  -2.95194
-1.56492 2.00592  -2.95195
-1.56492 2.00592  -2.95197
-1.56492 2.00592  -2.95198
-1.56492 2.00592  -2.952
-1.56492 2.00592  -2.95201
-1.56492 2.00592  -2.95202
-1.56492 2.00592  -2.95204
-1.56492 2.00592  -2.95205
-1.56493 2.00592  -2.95206
-1.56493 2.00592  -2.95208
-1.56493 2.00592  -2.95209
-1.56493 2.00592  -2.9521
-1.56493 2.00592  -2.95212
-1.56493 2.00592  -2.95213
-1.56493 2.00592  -2.95214
-1.56493 2.00592  -2.95216
-1.56493 2.00592  -2.95217
-1.56493 2.00592  -2.95218
-1.56493 2.00592  -2.9522
-1.56493 2.00592  -2.95221
-1.56494 2.00592  -2.95222
-1.56494 2.00592  -2.95224
-1.56494 2.00592  -2.95225
-1.56494 2.00592  -2.95227
-1.56494 2.00592  -2.95228
-1.56494 2.00592  -2.95229
-1.56494 2.00592  -2.95231
-1.56494 2.00592  -2.95232
-1.56494 2.00592  -2.95233
-1.56494 2.00592  -2.95235
-1.56494 2.00592  -2.95236
-1.56495 2.00592  -2.95237
-1.56495 2.00592  -2.95239
-1.56495 2.00592  -2.9524
-1.56495 2.00592  -2.95241
-1.56495 2.00592  -2.95243
-1.56495 2.00592  -2.95244
-1.56495 2.00592  -2.95245
-1.56495 2.00592  -2.95247
-1.56495 2.00592  -2.95248
-1.56495 2.00592  -2.95249
-1.56495 2.00592  -2.95251
-1.56495 2.00592  -2.95252
-1.56496 2.00592  -2.95254
-1.56496 2.00592  -2.95255
-1.56496 2.00592  -2.95256
-1.56496 2.00592  -2.95258
-1.56496 2.00592  -2.95259
-1.56496 2.00592  -2.9526
-1.56496 2.00592  -2.95262
-1.56496 2.00592  -2.95263
-1.56496 2.00592  -2.95264
-1.56496 2.00592  -2.95266
-1.56496 2.00592  -2.95267
-1.56496 2.00592  -2.95268
-1.56497 2.00592  -2.9527
-1.56497 2.00592  -2.95271
-1.56497 2.00592  -2.95272
-1.56497 2.00592  -2.95274
-1.56497 2.00592  -2.95275
-1.56497 2.00592  -2.95276
-1.56497 2.00592  -2.95278
-1.56497 2.00592  -2.95279
-1.56497 2.00592  -2.95281
-1.56497 2.00592  -2.95282
-1.56497 2.00592  -2.95283
-1.56497 2.00592  -2.95285
-1.56498 2.00592  -2.95286
-1.56498 2.00592  -2.95287
-1.56498 2.00592  -2.95289
-1.56498 2.00592  -2.9529
