0.00125346 0.0057184  -2.76322e-06
0.00125656 0.00573188  -2.74985e-06
0.00125967 0.00574539  -2.73837e-06
0.00126269 0.0057589  -2.72923e-06
0.00126579 0.00577235  -2.71772e-06
0.00126887 0.00578585  -2.70469e-06
0.00127192 0.00579935  -2.69466e-06
0.00127503 0.00581281  -2.68139e-06
0.00127811 0.00582632  -2.67002e-06
0.00128116 0.00583983  -2.65997e-06
0.00128426 0.00585329  -2.64659e-06
0.00128733 0.00586681  -2.63489e-06
0.0012904 0.0058803  -2.62406e-06
0.00129351 0.00589379  -2.61233e-06
0.00129658 0.00590728  -2.59847e-06
0.00129964 0.00592078  -2.58814e-06
0.00130274 0.00593423  -2.57588e-06
0.00130582 0.00594773  -2.56225e-06
0.00130887 0.00596123  -2.55193e-06
0.00131198 0.00597469  -2.5395e-06
0.00131506 0.00598819  -2.52563e-06
0.00131812 0.00600169  -2.51475e-06
0.00132123 0.00601516  -2.50061e-06
0.0013243 0.00602867  -2.48839e-06
0.00132736 0.00604218  -2.47748e-06
0.00133047 0.00605565  -2.46324e-06
0.00133354 0.00606917  -2.45068e-06
0.00133661 0.00608267  -2.43901e-06
0.00133973 0.00609616  -2.42642e-06
0.00134306 0.0072656  -8.82759e-07
0.00134619 0.00959005  2.20722e-06
0.00468945 0.0127542  1.00842e-05
0.0110399 0.0161468  3.50909e-05
0.0175868 0.0195471  8.27726e-05
0.0240657 0.0229455  0.000152375
0.0305264 0.0263449  0.000244044
0.0369739 0.0297438  0.000357594
0.0434258 0.0331427  0.000493057
0.0498243 0.0365415  0.000650367
0.0562162 0.0399395  0.000829341
0.0626106 0.0433368  0.00103
0.0689525 0.046733  0.00125228
0.0752874 0.0501271  0.00149596
0.0816246 0.0535191  0.00176107
0.0879093 0.0569086  0.00204754
0.0941869 0.0602953  0.00235518
0.100467 0.0636792  0.00268404
0.106694 0.0670608  0.0030341
0.112915 0.0704397  0.00340516
0.119104 0.0738167  0.00379727
0.125287 0.0771913  0.00421029
0.131473 0.0805638  0.00464426
0.137607 0.0839346  0.00509914
0.143734 0.0873029  0.00557468
0.14983 0.0906689  0.00607091
0.155921 0.0940321  0.00658762
0.162013 0.0973921  0.0071248
0.168055 0.100749  0.00768237
0.174089 0.104102  0.00826007
0.180126 0.107451  0.00885793
0.186112 0.110796  0.00947589
0.192091 0.114136  0.0101137
0.198072 0.117473  0.0107715
0.204002 0.120806  0.0114492
0.209926 0.124134  0.0121466
0.215852 0.127458  0.0128638
0.221728 0.130779  0.0136007
0.227597 0.134095  0.0143571
0.233435 0.137408  0.0151331
0.239268 0.140716  0.0159284
0.245071 0.14402  0.0167431
0.250868 0.147318  0.0175768
0.256667 0.150612  0.0184296
0.262416 0.153902  0.0193015
0.268158 0.157185  0.0201922
0.273903 0.160463  0.0211016
0.279598 0.163736  0.0220298
0.285287 0.167003  0.0229765
0.290978 0.170265  0.0239417
0.296619 0.173522  0.0249256
0.302254 0.176772  0.0259277
0.307891 0.180017  0.0269482
0.31348 0.183257  0.0279871
0.319061 0.186491  0.029044
0.324646 0.18972  0.030119
0.330181 0.192942  0.0312122
0.33571 0.196159  0.032323
0.341209 0.199369  0.0334517
0.346703 0.202573  0.0345978
0.352199 0.20577  0.0357616
0.357647 0.208961  0.0369429
0.363088 0.212146  0.0381414
0.368531 0.215323  0.0393572
0.373927 0.218495  0.0405903
0.379316 0.221659  0.0418404
0.384707 0.224817  0.0431075
0.390051 0.227968  0.0443918
0.395388 0.231112  0.0456928
0.400727 0.234249  0.0470107
0.406034 0.237379  0.0483453
0.411338 0.240503  0.0496965
0.416596 0.243619  0.0510643
0.421847 0.246728  0.0524484
0.427101 0.24983  0.0538488
0.432307 0.252924  0.0552656
0.437507 0.256011  0.0566982
0.442709 0.25909  0.0581469
0.447865 0.262162  0.0596116
0.453014 0.265226  0.061092
0.458165 0.268282  0.0625882
0.46327 0.271331  0.0641001
0.468369 0.274372  0.0656276
0.473469 0.277405  0.0671705
0.478524 0.280431  0.068729
0.483573 0.283449  0.0703027
0.488623 0.286458  0.0718917
0.493628 0.28946  0.073496
0.498626 0.292454  0.0751151
0.503627 0.29544  0.0767492
0.508582 0.298417  0.0783983
0.51353 0.301387  0.0800619
0.518481 0.304347  0.0817402
0.523387 0.3073  0.0834333
0.528286 0.310245  0.0851406
0.533187 0.31318  0.0868624
0.538044 0.316108  0.0885986
0.542894 0.319027  0.0903489
0.547746 0.321938  0.0921134
0.552554 0.32484  0.0938921
0.557355 0.327733  0.0956847
0.562159 0.330618  0.0974911
0.566917 0.333495  0.0993116
0.571671 0.336363  0.101146
0.576396 0.339222  0.102993
0.581117 0.342072  0.104854
0.58584 0.344913  0.106729
0.590519 0.347746  0.108617
0.595192 0.35057  0.110518
0.599866 0.353385  0.112432
0.604497 0.356191  0.114359
0.609122 0.358988  0.1163
0.613749 0.361776  0.118253
0.618332 0.364555  0.120219
0.62291 0.367325  0.122198
0.627461 0.370086  0.12419
0.632008 0.372838  0.126194
0.636555 0.37558  0.12821
0.64106 0.378314  0.13024
0.64556 0.381039  0.132281
0.650032 0.383754  0.134335
0.654501 0.386461  0.1364
0.658943 0.389158  0.138478
0.66338 0.391845  0.140568
0.667819 0.394524  0.142669
0.672215 0.397193  0.144783
0.676606 0.399853  0.146908
0.680971 0.402503  0.149045
0.685332 0.405145  0.151194
0.689666 0.407777  0.153354
0.693996 0.410399  0.155525
0.6983 0.413012  0.157708
0.702599 0.415616  0.159902
0.706873 0.418211  0.162107
0.711142 0.420796  0.164323
0.715413 0.423371  0.16655
0.719642 0.425937  0.168788
0.723866 0.428494  0.171037
0.728092 0.431041  0.173297
0.732276 0.433578  0.175568
0.736455 0.436106  0.177849
0.740608 0.438625  0.180141
0.744758 0.441134  0.182443
0.748908 0.443633  0.184755
0.753018 0.446123  0.187078
0.757123 0.448604  0.189411
0.761229 0.451075  0.191755
0.765295 0.453536  0.194108
0.769355 0.455987  0.196472
0.773417 0.458429  0.198845
0.777439 0.460862  0.201228
0.781456 0.463285  0.203621
0.785474 0.465698  0.206024
0.789452 0.468102  0.208437
0.793425 0.470496  0.210859
0.797399 0.47288  0.21329
0.801334 0.475255  0.215731
0.805263 0.47762  0.218181
0.809194 0.479976  0.220641
0.813086 0.482322  0.22311
0.816972 0.484658  0.225588
0.82086 0.486985  0.228075
0.824709 0.489302  0.230571
0.828552 0.49161  0.233076
0.832398 0.493908  0.235589
0.836204 0.496196  0.238112
0.840005 0.498475  0.240643
0.843782 0.500744  0.243184
0.847555 0.503003  0.245732
0.851329 0.505253  0.248289
0.855065 0.507493  0.250855
0.858783 0.509724  0.253429
0.862501 0.511945  0.256011
0.866219 0.514157  0.258601
0.8699 0.516359  0.2612
0.873575 0.518551  0.263807
0.877252 0.520734  0.266421
0.880891 0.522907  0.269044
0.884525 0.525071  0.271675
0.888135 0.527225  0.274314
0.891742 0.52937  0.27696
0.89535 0.531505  0.279614
0.89892 0.533631  0.282276
0.902486 0.535747  0.284945
0.906053 0.537853  0.287622
0.909583 0.539951  0.290306
0.913108 0.542038  0.292998
0.916634 0.544116  0.295697
0.920123 0.546185  0.298404
0.923608 0.548244  0.301117
0.927094 0.550294  0.303838
0.930543 0.552334  0.306566
0.933988 0.554365  0.309301
0.937434 0.556387  0.312043
0.940843 0.558399  0.314792
0.944248 0.560402  0.317548
0.94763 0.562395  0.320311
0.951008 0.564379  0.32308
0.954364 0.566354  0.325856
0.957716 0.568319  0.328639
0.96107 0.570276  0.331428
0.964387 0.572222  0.334224
0.9677 0.57416  0.337026
0.970991 0.576088  0.339835
0.974278 0.578007  0.34265
0.977543 0.579917  0.345471
0.980804 0.581818  0.348299
0.984044 0.583709  0.351133
0.987279 0.585592  0.353973
0.990493 0.587465  0.356819
0.993703 0.589329  0.35967
0.996914 0.591183  0.362528
1.00009 0.593029  0.365392
1.00326 0.594866  0.368262
1.00644 0.596693  0.371138
1.00957 0.598512  0.374019
1.01271 0.600321  0.376906
1.01584 0.602121  0.379799
1.01894 0.603913  0.382698
1.02204 0.605695  0.385601
1.02514 0.607469  0.388511
1.0282 0.609233  0.391426
1.03126 0.610988  0.394346
1.03432 0.612735  0.397272
1.03735 0.614473  0.400203
1.04037 0.616202  0.40314
1.04339 0.617921  0.406081
1.04638 0.619633  0.409028
1.04937 0.621335  0.41198
1.05235 0.623028  0.414937
1.0553 0.624713  0.417899
1.05825 0.626389  0.420866
1.0612 0.628056  0.423838
1.06412 0.629715  0.426815
1.06703 0.631364  0.429796
1.06992 0.633006  0.432783
1.07281 0.634638  0.435774
1.0757 0.636262  0.43877
1.07856 0.637877  0.441771
1.08141 0.639484  0.444776
1.08426 0.641082  0.447786
1.08708 0.642672  0.4508
1.0899 0.644253  0.453819
1.09272 0.645826  0.456842
1.0955 0.64739  0.45987
1.09828 0.648946  0.462902
1.10107 0.650493  0.465939
1.10382 0.652032  0.46898
1.10656 0.653562  0.472025
1.10931 0.655085  0.475074
1.11203 0.656599  0.478127
1.11474 0.658104  0.481185
1.11745 0.659601  0.484246
1.12013 0.661091  0.487312
1.12281 0.662571  0.490382
1.12549 0.664044  0.493455
1.12813 0.665508  0.496533
1.13077 0.666965  0.499614
1.13342 0.668413  0.5027
1.13603 0.669853  0.505789
1.13864 0.671285  0.508882
1.14125 0.672709  0.511978
1.14383 0.674125  0.515079
1.1464 0.675533  0.518183
1.14898 0.676933  0.52129
1.15152 0.678325  0.524402
1.15406 0.679709  0.527516
1.15659 0.681085  0.530635
1.1591 0.682453  0.533756
1.16162 0.683814  0.536882
1.16411 0.685166  0.54001
1.1666 0.686511  0.543142
1.16909 0.687848  0.546278
1.17154 0.689178  0.549417
1.174 0.690499  0.552558
1.17645 0.691813  0.555704
1.17888 0.693119  0.558852
1.1813 0.694418  0.562004
1.18372 0.695709  0.565159
1.18611 0.696992  0.568317
1.1885 0.698268  0.571477
1.19089 0.699536  0.574641
1.19325 0.700797  0.577809
1.1956 0.702051  0.580979
1.19796 0.703296  0.584152
1.20029 0.704535  0.587328
1.20261 0.705766  0.590506
1.20494 0.70699  0.593688
1.20723 0.708206  0.596873
1.20953 0.709415  0.60006
1.21182 0.710617  0.60325
1.21409 0.711811  0.606443
1.21635 0.712998  0.609639
1.21861 0.714178  0.612837
1.22084 0.715351  0.616038
1.22307 0.716517  0.619242
1.2253 0.717675  0.622448
1.22752 0.718827  0.625657
1.22973 0.719971  0.628868
1.23191 0.721108  0.632082
1.23409 0.722238  0.635298
1.23627 0.723362  0.638517
1.23842 0.724478  0.641738
1.24057 0.725587  0.644962
1.2427 0.72669  0.648188
1.24483 0.727785  0.651417
1.24694 0.728874  0.654647
1.24905 0.729956  0.65788
1.25116 0.731031  0.661116
1.25324 0.732099  0.664354
1.25532 0.733161  0.667593
1.2574 0.734216  0.670835
1.25945 0.735264  0.67408
1.2615 0.736305  0.677326
1.26353 0.73734  0.680575
1.26556 0.738369  0.683826
1.26757 0.73939  0.687078
1.26958 0.740405  0.690333
1.27158 0.741414  0.69359
1.27357 0.742416  0.696849
1.27556 0.743412  0.70011
1.27753 0.744401  0.703373
1.27949 0.745384  0.706638
1.28145 0.746361  0.709905
1.28339 0.747331  0.713174
1.28532 0.748294  0.716444
1.28725 0.749252  0.719717
1.28916 0.750203  0.722991
1.29107 0.751148  0.726267
1.29297 0.752086  0.729545
1.29485 0.753019  0.732825
1.29673 0.753945  0.736107
1.29861 0.754865  0.73939
1.30046 0.755779  0.742675
1.30231 0.756687  0.745962
1.30416 0.757589  0.74925
1.30598 0.758485  0.75254
1.3078 0.759375  0.755832
1.30961 0.760259  0.759125
1.31141 0.761137  0.76242
1.31321 0.762009  0.765717
1.31499 0.762875  0.769015
1.31677 0.763735  0.772315
1.31854 0.764589  0.775616
1.32029 0.765438  0.778919
1.32204 0.766281  0.782223
1.32379 0.767118  0.785529
1.32551 0.767949  0.788836
1.32724 0.768775  0.792144
1.32896 0.769594  0.795454
1.33066 0.770409  0.798766
1.33235 0.771217  0.802079
1.33405 0.77202  0.805393
1.33572 0.772818  0.808709
1.33739 0.773609  0.812026
1.33906 0.774396  0.815344
1.3407 0.775177  0.818664
1.34234 0.775952  0.821985
1.34399 0.776722  0.825307
1.3456 0.777486  0.82863
1.34722 0.778246  0.831955
1.34884 0.778999  0.835281
1.35043 0.779748  0.838608
1.35202 0.780491  0.841937
1.35361 0.781229  0.845266
1.35518 0.781961  0.848597
1.35675 0.782689  0.851929
1.3583 0.783411  0.855262
1.35986 0.784128  0.858596
1.36139 0.78484  0.861932
1.36293 0.785546  0.865268
1.36446 0.786248  0.868605
1.36597 0.786944  0.871944
1.36747 0.787636  0.875284
1.36898 0.788322  0.878625
1.37047 0.789004  0.881966
1.37195 0.78968  0.885309
1.37341 0.790352  0.888653
1.37488 0.791019  0.891998
1.37635 0.79168  0.895343
1.37779 0.792337  0.89869
1.37923 0.792989  0.902038
1.38067 0.793637  0.905387
1.3821 0.794279  0.908736
1.38352 0.794917  0.912087
1.38493 0.79555  0.915438
1.38633 0.796178  0.918791
1.38771 0.796802  0.922144
1.3891 0.797421  0.925498
1.39048 0.798035  0.928853
1.39185 0.798645  0.932209
1.39321 0.79925  0.935566
1.39457 0.79985  0.938923
1.39591 0.800446  0.942281
1.39724 0.801038  0.945641
1.39857 0.801625  0.949001
1.39989 0.802207  0.952361
1.4012 0.802786  0.955723
1.40252 0.803359  0.959085
1.40381 0.803929  0.962448
1.4051 0.804494  0.965812
1.4064 0.805054  0.969177
1.40767 0.805611  0.972542
1.40894 0.806163  0.975908
1.4102 0.806711  0.979275
1.41146 0.807254  0.982642
1.4127 0.807794  0.98601
1.41394 0.808329  0.989379
1.41518 0.80886  0.992748
1.4164 0.809387  0.996119
1.41761 0.80991  0.999489
1.41883 0.810428  1.00286
1.42003 0.810943  1.00623
1.42122 0.811454  1.00961
1.42241 0.81196  1.01298
1.42359 0.812463  1.01635
1.42476 0.812961  1.01973
1.42593 0.813456  1.0231
1.42709 0.813947  1.02648
1.42824 0.814434  1.02985
1.42937 0.814917  1.03323
1.43051 0.815396  1.03661
1.43163 0.815871  1.03999
1.43276 0.816343  1.04337
1.43388 0.81681  1.04674
1.43498 0.817274  1.05012
1.43608 0.817735  1.0535
1.43718 0.818191  1.05688
1.43827 0.818644  1.06027
1.43934 0.819093  1.06365
1.44042 0.819539  1.06703
1.44149 0.819981  1.07041
1.44254 0.820419  1.0738
1.44359 0.820854  1.07718
1.44464 0.821285  1.08056
1.44568 0.821713  1.08395
1.44671 0.822137  1.08733
1.44773 0.822558  1.09072
1.44876 0.822975  1.0941
1.44976 0.823389  1.09749
1.45077 0.823799  1.10088
1.45177 0.824206  1.10426
1.45276 0.82461  1.10765
1.45374 0.82501  1.11104
1.45473 0.825407  1.11443
1.45569 0.825801  1.11782
1.45666 0.826191  1.12121
1.45762 0.826579  1.1246
1.45857 0.826963  1.12799
1.45951 0.827343  1.13138
1.46046 0.827721  1.13477
1.46138 0.828095  1.13816
1.46231 0.828466  1.14155
1.46323 0.828834  1.14494
1.46414 0.829199  1.14833
1.46505 0.829561  1.15172
1.46595 0.82992  1.15512
1.46684 0.830276  1.15851
1.46773 0.830628  1.1619
1.46861 0.830978  1.1653
1.46948 0.831325  1.16869
1.47035 0.831669  1.17209
1.47121 0.83201  1.17548
1.47206 0.832348  1.17888
1.47291 0.832683  1.18227
1.47375 0.833015  1.18567
1.47459 0.833344  1.18906
1.47542 0.833671  1.19246
1.47624 0.833994  1.19586
1.47706 0.834315  1.19925
1.47788 0.834634  1.20265
1.47868 0.834949  1.20605
1.47948 0.835262  1.20944
1.48028 0.835572  1.21284
1.48106 0.835879  1.21624
1.48184 0.836184  1.21964
1.48262 0.836485  1.22304
1.48339 0.836785  1.22644
1.48415 0.837082  1.22983
1.48492 0.837376  1.23323
1.48566 0.837667  1.23663
1.48641 0.837956  1.24003
1.48715 0.838243  1.24343
1.48788 0.838527  1.24683
1.48861 0.838808  1.25023
1.48933 0.839088  1.25363
1.49004 0.839364  1.25704
1.49076 0.839638  1.26044
1.49146 0.83991  1.26384
1.49216 0.84018  1.26724
1.49286 0.840447  1.27064
1.49354 0.840711  1.27404
1.49422 0.840974  1.27744
1.4949 0.841234  1.28085
1.49557 0.841491  1.28425
1.49624 0.841747  1.28765
1.4969 0.842  1.29105
1.49755 0.842251  1.29446
1.4982 0.8425  1.29786
1.49885 0.842746  1.30126
1.49948 0.842991  1.30467
1.50011 0.843233  1.30807
1.50074 0.843473  1.31147
1.50136 0.843711  1.31488
1.50197 0.843947  1.31828
1.50258 0.844181  1.32169
1.50318 0.844413  1.32509
1.50379 0.844642  1.3285
1.50438 0.84487  1.3319
1.50496 0.845096  1.33531
1.50555 0.845319  1.33871
1.50612 0.845541  1.34212
1.5067 0.845761  1.34552
1.50726 0.845978  1.34893
1.50782 0.846194  1.35233
1.50838 0.846408  1.35574
1.50893 0.84662  1.35914
1.50947 0.846831  1.36255
1.51001 0.847039  1.36596
1.51054 0.847245  1.36936
1.51108 0.84745  1.37277
1.5116 0.847653  1.37617
1.51212 0.847854  1.37958
1.51264 0.848054  1.38299
1.51315 0.848251  1.38639
1.51365 0.848447  1.3898
1.51415 0.848641  1.39321
1.51465 0.848834  1.39661
1.51513 0.849025  1.40002
1.51561 0.849214  1.40343
1.5161 0.849401  1.40684
1.51657 0.849587  1.41024
1.51704 0.849772  1.41365
1.5175 0.849954  1.41706
1.51796 0.850136  1.42047
1.51842 0.850315  1.42388
1.51886 0.850493  1.42728
1.51931 0.85067  1.43069
1.51975 0.850845  1.4341
1.52018 0.851018  1.43751
1.52061 0.85119  1.44092
1.52104 0.851361  1.44432
1.52146 0.85153  1.44773
1.52188 0.851698  1.45114
1.52229 0.851864  1.45455
1.5227 0.852029  1.45796
1.5231 0.852193  1.46137
1.5235 0.852355  1.46478
1.52389 0.852516  1.46818
1.52428 0.852675  1.47159
1.52466 0.852833  1.475
1.52504 0.85299  1.47841
1.52541 0.853146  1.48182
1.52579 0.8533  1.48523
1.52615 0.853453  1.48864
1.52651 0.853605  1.49205
1.52686 0.853756  1.49546
1.52721 0.853905  1.49887
1.52756 0.854053  1.50228
1.5279 0.8542  1.50569
1.52823 0.854346  1.5091
1.52857 0.854491  1.51251
1.5289 0.854635  1.51592
1.52922 0.854777  1.51933
1.52954 0.854919  1.52274
1.52985 0.855059  1.52615
1.53016 0.855198  1.52956
1.53048 0.855336  1.53297
1.53077 0.855474  1.53638
1.53107 0.85561  1.53979
1.53137 0.855745  1.5432
1.53165 0.855879  1.54661
1.53194 0.856012  1.55002
1.53222 0.856144  1.55343
1.53249 0.856276  1.55684
1.53277 0.856406  1.56025
1.53304 0.856535  1.56366
1.5333 0.856664  1.56707
1.53355 0.856792  1.57048
1.53381 0.856918  1.57389
1.53406 0.857044  1.5773
1.53431 0.857169  1.58071
1.53455 0.857293  1.58412
1.53479 0.857417  1.58753
1.53503 0.857539  1.59094
1.53525 0.857661  1.59435
1.53548 0.857782  1.59777
1.5357 0.857902  1.60118
1.53592 0.858022  1.60459
1.53613 0.858141  1.608
1.53634 0.858259  1.61141
1.53655 0.858376  1.61482
1.53675 0.858493  1.61823
1.53695 0.858609  1.62164
1.53714 0.858724  1.62505
1.53733 0.858839  1.62846
1.53751 0.858953  1.63188
1.53769 0.859066  1.63529
1.53787 0.859179  1.6387
1.53805 0.859291  1.64211
1.53821 0.859402  1.64552
1.53838 0.859513  1.64893
1.53854 0.859624  1.65234
1.5387 0.859734  1.65576
1.53885 0.859843  1.65917
1.539 0.859952  1.66258
1.53915 0.86006  1.66599
1.53929 0.860168  1.6694
1.53942 0.860276  1.67281
1.53956 0.860383  1.67622
1.53969 0.860489  1.67964
1.53981 0.860595  1.68305
1.53994 0.860701  1.68646
1.54006 0.860806  1.68987
1.54017 0.860911  1.69328
1.54028 0.861015  1.69669
1.5404 0.861119  1.7001
1.5405 0.861223  1.70352
1.5406 0.861326  1.70693
1.5407 0.861429  1.71034
1.54079 0.861532  1.71375
1.54088 0.861634  1.71716
1.54097 0.861736  1.72058
1.54105 0.861838  1.72399
1.54112 0.861939  1.7274
1.5412 0.862041  1.73081
1.54127 0.862141  1.73422
1.54134 0.862242  1.73763
1.5414 0.862343  1.74105
1.54146 0.862443  1.74446
1.54152 0.862543  1.74787
1.54157 0.862643  1.75128
1.54162 0.862743  1.75469
1.54167 0.862842  1.75811
1.54171 0.862942  1.76152
1.54175 0.863041  1.76493
1.54179 0.86314  1.76834
1.54182 0.863239  1.77175
1.54185 0.863338  1.77517
1.54187 0.863437  1.77858
1.54189 0.863536  1.78199
1.54192 0.863634  1.7854
1.54193 0.863733  1.78881
1.54194 0.863832  1.79222
1.54195 0.86393  1.79564
1.54195 0.864029  1.79905
1.54196 0.864127  1.80246
1.54195 0.864226  1.80587
1.54195 0.864324  1.80929
1.54194 0.864423  1.8127
1.54193 0.864521  1.81611
1.54191 0.86462  1.81952
1.5419 0.864719  1.82293
1.54187 0.864817  1.82635
1.54185 0.864916  1.82976
1.54182 0.865015  1.83317
1.54179 0.865114  1.83658
1.54175 0.865213  1.83999
1.54172 0.865312  1.84341
1.54167 0.865412  1.84682
1.54163 0.865511  1.85023
1.54158 0.865611  1.85364
1.54153 0.865711  1.85705
1.54147 0.865811  1.86047
1.54142 0.865911  1.86388
1.54136 0.866012  1.86729
1.54129 0.866112  1.8707
1.54123 0.866213  1.87411
1.54115 0.866314  1.87753
1.54108 0.866416  1.88094
1.541 0.866517  1.88435
1.54092 0.866619  1.88776
1.54083 0.866721  1.89117
1.54075 0.866824  1.89459
1.54066 0.866927  1.898
1.54057 0.86703  1.90141
1.54047 0.867133  1.90482
1.54037 0.867237  1.90823
1.54027 0.867341  1.91165
1.54016 0.867445  1.91506
1.54006 0.86755  1.91847
1.53995 0.867655  1.92188
1.53983 0.867761  1.9253
1.53972 0.867867  1.92871
1.5396 0.867973  1.93212
1.53947 0.86808  1.93553
1.53935 0.868187  1.93894
1.53922 0.868295  1.94236
1.53909 0.868403  1.94577
1.53895 0.868511  1.94918
1.53881 0.86862  1.95259
1.53867 0.86873  1.956
1.53852 0.86884  1.95941
1.53837 0.86895  1.96283
1.53823 0.869061  1.96624
1.53807 0.869172  1.96965
1.53791 0.869285  1.97306
1.53775 0.869397  1.97647
1.53759 0.86951  1.97989
1.53742 0.869624  1.9833
1.53726 0.869738  1.98671
1.53708 0.869853  1.99012
1.53691 0.869968  1.99353
1.53673 0.870084  1.99695
1.53655 0.870201  2.00036
1.53636 0.870318  2.00377
1.53618 0.870436  2.00718
1.53599 0.870555  2.01059
1.5358 0.870674  2.014
1.5356 0.870794  2.01742
1.5354 0.870914  2.02083
1.53521 0.871035  2.02424
1.535 0.871157  2.02765
1.53479 0.87128  2.03106
1.53458 0.871403  2.03447
1.53437 0.871527  2.03789
1.53415 0.871652  2.0413
1.53393 0.871777  2.04471
1.53371 0.871903  2.04812
1.53348 0.87203  2.05153
1.53326 0.872158  2.05494
1.53303 0.872287  2.05835
1.53279 0.872416  2.06177
1.53256 0.872546  2.06518
1.53232 0.872677  2.06859
1.53207 0.872809  2.072
1.53183 0.872942  2.07541
1.53158 0.873075  2.07882
1.53133 0.873209  2.08223
1.53108 0.873344  2.08565
1.53082 0.873481  2.08906
1.53056 0.873617  2.09247
1.53029 0.873755  2.09588
1.53003 0.873894  2.09929
1.52976 0.874034  2.1027
1.52949 0.874174  2.10611
1.52921 0.874316  2.10952
1.52894 0.874458  2.11293
1.52866 0.874601  2.11635
1.52837 0.874746  2.11976
1.52809 0.874891  2.12317
1.5278 0.875037  2.12658
1.52751 0.875185  2.12999
1.52721 0.875333  2.1334
1.52691 0.875482  2.13681
1.52661 0.875633  2.14022
1.52631 0.875784  2.14363
1.526 0.875936  2.14704
1.52569 0.87609  2.15045
1.52538 0.876244  2.15386
1.52507 0.8764  2.15727
1.52475 0.876556  2.16068
1.52443 0.876714  2.16409
1.52411 0.876873  2.16751
1.52378 0.877033  2.17092
1.52345 0.877194  2.17433
1.52312 0.877356  2.17774
1.52278 0.877519  2.18115
1.52244 0.877684  2.18456
1.5221 0.877849  2.18797
1.52176 0.878016  2.19138
1.52141 0.878184  2.19479
1.52106 0.878353  2.1982
1.5207 0.878524  2.20161
1.52035 0.878695  2.20502
1.51999 0.878868  2.20843
1.51963 0.879042  2.21184
1.51926 0.879217  2.21524
1.51889 0.879394  2.21865
1.51852 0.879572  2.22206
1.51815 0.879751  2.22547
1.51777 0.879931  2.22888
1.51739 0.880113  2.23229
1.517 0.880296  2.2357
1.51662 0.88048  2.23911
1.51623 0.880665  2.24252
1.51584 0.880852  2.24593
1.51544 0.881041  2.24934
1.51504 0.88123  2.25275
1.51464 0.881421  2.25616
1.51423 0.881613  2.25956
1.51382 0.881807  2.26297
1.51341 0.882002  2.26638
1.513 0.882199  2.26979
1.51258 0.882397  2.2732
1.51216 0.882596  2.27661
1.51174 0.882797  2.28002
1.51131 0.882999  2.28342
1.51088 0.883203  2.28683
1.51045 0.883408  2.29024
1.51001 0.883615  2.29365
1.50957 0.883823  2.29706
1.50913 0.884033  2.30046
1.50868 0.884244  2.30387
1.50823 0.884456  2.30728
1.50778 0.884671  2.31069
1.50732 0.884887  2.31409
1.50686 0.885104  2.3175
1.5064 0.885323  2.32091
1.50593 0.885543  2.32432
1.50546 0.885765  2.32772
1.50499 0.885989  2.33113
1.50451 0.886215  2.33454
1.50403 0.886442  2.33794
1.50355 0.88667  2.34135
1.50306 0.8869  2.34476
1.50257 0.887132  2.34816
1.50208 0.887366  2.35157
1.50158 0.887601  2.35498
1.50108 0.887838  2.35838
1.50057 0.888077  2.36179
1.50007 0.888317  2.36519
1.49956 0.888559  2.3686
1.49904 0.888803  2.37201
1.49852 0.889049  2.37541
1.498 0.889297  2.37882
1.49747 0.889546  2.38222
1.49694 0.889797  2.38563
1.4964 0.89005  2.38903
1.49587 0.890304  2.39244
1.49533 0.890561  2.39584
1.49478 0.890819  2.39925
1.49423 0.891079  2.40265
1.49367 0.891342  2.40606
1.49312 0.891606  2.40946
1.49256 0.891872  2.41286
1.49199 0.892139  2.41627
1.49142 0.892409  2.41967
1.49085 0.892681  2.42308
1.49027 0.892954  2.42648
1.48969 0.89323  2.42988
1.48911 0.893508  2.43329
1.48851 0.893787  2.43669
1.48792 0.894069  2.44009
1.48733 0.894353  2.44349
1.48672 0.894638  2.4469
1.48611 0.894926  2.4503
1.48551 0.895216  2.4537
1.48489 0.895508  2.4571
1.48427 0.895802  2.46051
1.48365 0.896098  2.46391
1.48301 0.896396  2.46731
1.48238 0.896697  2.47071
1.48174 0.896999  2.47411
1.4811 0.897304  2.47751
1.48045 0.897611  2.48091
1.4798 0.89792  2.48431
1.47914 0.898232  2.48772
1.47848 0.898545  2.49112
1.47781 0.898861  2.49452
1.47714 0.899179  2.49792
1.47646 0.8995  2.50132
1.47578 0.899822  2.50471
1.47509 0.900148  2.50811
1.47441 0.900475  2.51151
1.4737 0.900805  2.51491
1.473 0.901137  2.51831
1.47229 0.901472  2.52171
1.47157 0.901809  2.52511
1.47085 0.902148  2.5285
1.47013 0.90249  2.5319
1.4694 0.902834  2.5353
1.46866 0.903181  2.5387
1.46792 0.903531  2.54209
1.46717 0.903883  2.54549
1.46641 0.904237  2.54889
1.46566 0.904594  2.55228
1.46488 0.904954  2.55568
1.46411 0.905316  2.55908
1.46334 0.905681  2.56247
1.46254 0.906049  2.56587
1.46175 0.906419  2.56926
1.46096 0.906792  2.57266
1.46015 0.907167  2.57605
1.45933 0.907546  2.57944
1.45852 0.907927  2.58284
1.45769 0.908311  2.58623
1.45685 0.908698  2.58962
1.45602 0.909087  2.59302
1.45517 0.90948  2.59641
1.45431 0.909875  2.5998
1.45346 0.910274  2.60319
1.45259 0.910675  2.60658
1.45171 0.911079  2.60998
1.45082 0.911486  2.61337
1.44993 0.911896  2.61676
1.44903 0.91231  2.62015
1.44812 0.912726  2.62354
1.4472 0.913145  2.62693
1.44628 0.913568  2.63031
1.44533 0.913994  2.6337
1.44439 0.914423  2.63709
1.44344 0.914855  2.64048
1.44247 0.91529  2.64387
1.4415 0.915729  2.64725
1.44053 0.916171  2.65064
1.43953 0.916616  2.65403
1.43852 0.917064  2.65741
1.43752 0.917517  2.6608
1.43649 0.917972  2.66418
1.43546 0.918431  2.66757
1.43443 0.918894  2.67095
1.43337 0.91936  2.67434
1.4323 0.919829  2.67772
1.43124 0.920302  2.6811
1.43014 0.920779  2.68448
1.42904 0.92126  2.68786
1.42794 0.921744  2.69125
1.42681 0.922232  2.69463
1.42568 0.922724  2.69801
1.42454 0.92322  2.70139
1.42337 0.92372  2.70476
1.4222 0.924223  2.70814
1.421 0.924731  2.71152
1.4198 0.925242  2.7149
1.41859 0.925758  2.71828
1.41735 0.926278  2.72165
1.41611 0.926802  2.72503
1.41487 0.92733  2.7284
1.41358 0.927863  2.73178
1.41229 0.9284  2.73515
1.411 0.928941  2.73852
1.40966 0.929487  2.74189
1.40832 0.930037  2.74527
1.40698 0.930592  2.74864
1.40559 0.931151  2.75201
1.40419 0.931715  2.75538
1.4028 0.932284  2.75874
1.40135 0.932857  2.76211
1.39989 0.933436  2.76548
1.39844 0.934019  2.76885
1.39693 0.934607  2.77221
1.39541 0.935201  2.77558
1.39389 0.935799  2.77894
1.39231 0.936403  2.7823
1.39072 0.937012  2.78566
1.38914 0.937626  2.78902
1.38748 0.938246  2.79239
1.38582 0.938872  2.79574
1.38416 0.939503  2.7991
1.38242 0.940139  2.80246
1.38067 0.940782  2.80582
1.37887 0.941431  2.80917
1.37706 0.942085  2.81252
1.37525 0.942746  2.81588
1.37336 0.943413  2.81923
1.37145 0.944086  2.82258
1.36955 0.944766  2.82593
1.36755 0.945452  2.82928
1.36553 0.946145  2.83262
1.36352 0.946844  2.83597
1.3614 0.947551  2.83931
1.35926 0.948265  2.84265
1.35712 0.948986  2.84599
1.35486 0.949714  2.84933
1.35258 0.95045  2.85267
1.3503 0.951193  2.85601
1.34788 0.951945  2.85934
1.34544 0.952704  2.86268
1.343 0.953472  2.86601
1.3404 0.954248  2.86934
1.33778 0.955032  2.87266
1.33516 0.955826  2.87599
1.33235 0.956628  2.87931
1.32951 0.95744  2.88264
1.32668 0.958261  2.88595
1.32362 0.959093  2.88927
1.32053 0.959934  2.89259
1.31745 0.960786  2.8959
1.3141 0.961648  2.89921
1.31072 0.962521  2.90252
1.30713 0.963407  2.90582
1.30351 0.964303  2.90912
1.29989 0.965212  2.91242
1.29601 0.966112  2.91564
1.29209 0.967024  2.91885
1.28818 0.967949  2.92206
1.29111 0.96873  2.92476
1.28794 0.969567  2.92767
1.28258 0.970352  2.93034
1.27753 0.971153  2.93302
1.27239 0.971966  2.93569
1.26739 0.972707  2.93808
1.2624 0.97346  2.94047
1.25741 0.974225  2.94285
1.25242 0.975002  2.94523
1.2482 0.975578  2.94697
1.24409 0.975794  2.94761
1.24369 0.975794  2.94761
1.24381 0.9758  2.94763
1.24377 0.975804  2.94764
1.24377 0.975809  2.94766
1.24376 0.975813  2.94767
1.24376 0.975817  2.94768
1.24375 0.975821  2.94769
1.24375 0.975824  2.9477
1.24374 0.975828  2.94772
1.24373 0.975833  2.94773
1.24373 0.975837  2.94774
1.24372 0.975841  2.94775
1.24372 0.975846  2.94777
1.24371 0.975851  2.94778
1.2437 0.975855  2.94779
1.2437 0.97586  2.94781
1.24369 0.975865  2.94782
1.24369 0.975869  2.94783
1.24368 0.975874  2.94785
1.24367 0.975878  2.94786
1.24367 0.975882  2.94787
1.24366 0.975886  2.94788
1.24366 0.975891  2.9479
1.24365 0.975895  2.94791
1.24365 0.975899  2.94792
1.24364 0.975903  2.94793
1.24363 0.975908  2.94795
1.24363 0.975912  2.94796
1.24362 0.975917  2.94797
1.24362 0.975921  2.94798
1.24361 0.975926  2.948
1.24361 0.975931  2.94801
1.2436 0.975935  2.94802
1.24359 0.975939  2.94804
1.24359 0.975944  2.94805
1.24358 0.975948  2.94806
1.24358 0.975952  2.94807
1.24357 0.975956  2.94809
1.24356 0.975961  2.9481
1.24356 0.975965  2.94811
1.24355 0.975969  2.94812
1.24355 0.975974  2.94814
1.24354 0.975978  2.94815
1.24354 0.975982  2.94816
1.24353 0.975987  2.94818
1.24352 0.975991  2.94819
1.24352 0.975996  2.9482
1.24351 0.976  2.94822
1.24351 0.976005  2.94823
1.2435 0.976009  2.94824
1.2435 0.976013  2.94825
1.24349 0.976017  2.94827
1.24348 0.976022  2.94828
1.24348 0.976026  2.94829
1.24347 0.97603  2.9483
1.24347 0.976035  2.94832
1.24346 0.976039  2.94833
1.24346 0.976043  2.94834
1.24345 0.976048  2.94835
1.24344 0.976052  2.94837
1.24344 0.976056  2.94838
1.24343 0.976061  2.94839
1.24343 0.976065  2.94841
1.24342 0.97607  2.94842
1.24342 0.976074  2.94843
1.24341 0.976078  2.94844
1.24341 0.976082  2.94846
1.2434 0.976087  2.94847
1.24339 0.976091  2.94848
1.24339 0.976095  2.9485
1.24338 0.9761  2.94851
1.24338 0.976104  2.94852
1.24337 0.976108  2.94853
1.24337 0.976113  2.94855
1.24336 0.976117  2.94856
1.24335 0.976121  2.94857
1.24335 0.976126  2.94859
1.24334 0.97613  2.9486
1.24334 0.976135  2.94861
1.24333 0.976139  2.94862
1.24333 0.976143  2.94864
1.24332 0.976148  2.94865
1.24332 0.976152  2.94866
1.24331 0.976156  2.94867
1.2433 0.97616  2.94869
1.2433 0.976165  2.9487
1.24329 0.976169  2.94871
1.24329 0.976173  2.94873
1.24328 0.976178  2.94874
1.24328 0.976182  2.94875
1.24327 0.976187  2.94876
1.24327 0.976191  2.94878
1.24326 0.976195  2.94879
1.24325 0.9762  2.9488
1.24325 0.976204  2.94882
1.24324 0.976208  2.94883
1.24324 0.976213  2.94884
1.24323 0.976217  2.94885
1.24323 0.976221  2.94887
1.24322 0.976226  2.94888
1.24322 0.97623  2.94889
1.24321 0.976234  2.9489
1.2432 0.976239  2.94892
1.2432 0.976243  2.94893
1.24319 0.976247  2.94894
1.24319 0.976252  2.94896
1.24318 0.976256  2.94897
1.24318 0.976261  2.94898
1.24317 0.976265  2.94899
1.24317 0.976269  2.94901
1.24316 0.976274  2.94902
1.24316 0.976278  2.94903
1.24315 0.976282  2.94905
1.24314 0.976287  2.94906
1.24314 0.976291  2.94907
1.24313 0.976295  2.94908
1.24313 0.9763  2.9491
1.24312 0.976304  2.94911
1.24312 0.976308  2.94912
1.24311 0.976313  2.94913
1.24311 0.976317  2.94915
1.2431 0.976321  2.94916
1.2431 0.976326  2.94917
1.24309 0.97633  2.94919
1.24308 0.976334  2.9492
1.24308 0.976339  2.94921
1.24307 0.976343  2.94922
1.24307 0.976347  2.94924
1.24306 0.976352  2.94925
1.24306 0.976356  2.94926
1.24305 0.976361  2.94928
1.24305 0.976365  2.94929
1.24304 0.976369  2.9493
1.24304 0.976374  2.94931
1.24303 0.976378  2.94933
1.24303 0.976382  2.94934
1.24302 0.976387  2.94935
1.24301 0.976391  2.94936
1.24301 0.976395  2.94938
1.243 0.9764  2.94939
1.243 0.976404  2.9494
1.24299 0.976408  2.94942
1.24299 0.976413  2.94943
1.24298 0.976417  2.94944
1.24298 0.976421  2.94945
1.24297 0.976426  2.94947
1.24297 0.97643  2.94948
1.24296 0.976434  2.94949
1.24296 0.976439  2.9495
1.24295 0.976443  2.94952
1.24295 0.976448  2.94953
1.24294 0.976452  2.94954
1.24294 0.976456  2.94956
1.24293 0.976461  2.94957
1.24292 0.976465  2.94958
1.24292 0.976469  2.94959
1.24291 0.976474  2.94961
1.24291 0.976478  2.94962
1.2429 0.976482  2.94963
1.2429 0.976487  2.94965
1.24289 0.976491  2.94966
1.24289 0.976495  2.94967
1.24288 0.9765  2.94968
1.24288 0.976504  2.9497
1.24287 0.976508  2.94971
1.24287 0.976513  2.94972
1.24286 0.976517  2.94973
1.24286 0.976521  2.94975
1.24285 0.976526  2.94976
1.24285 0.97653  2.94977
1.24284 0.976535  2.94979
1.24284 0.976539  2.9498
1.24283 0.976543  2.94981
1.24283 0.976548  2.94982
1.24282 0.976552  2.94984
1.24281 0.976556  2.94985
1.24281 0.976561  2.94986
1.2428 0.976565  2.94988
1.2428 0.976569  2.94989
1.24279 0.976574  2.9499
1.24279 0.976578  2.94991
1.24278 0.976582  2.94993
1.24278 0.976587  2.94994
1.24277 0.976591  2.94995
1.24277 0.976595  2.94996
1.24276 0.9766  2.94998
1.24276 0.976604  2.94999
1.24275 0.976609  2.95
1.24275 0.976613  2.95002
1.24274 0.976617  2.95003
1.24274 0.976622  2.95004
1.24273 0.976626  2.95005
1.24273 0.97663  2.95007
1.24272 0.976635  2.95008
1.24272 0.976639  2.95009
1.24271 0.976643  2.95011
1.24271 0.976648  2.95012
1.2427 0.976652  2.95013
1.2427 0.976656  2.95014
1.24269 0.976661  2.95016
1.24269 0.976665  2.95017
1.24268 0.976669  2.95018
1.24268 0.976674  2.95019
1.24267 0.976678  2.95021
1.24267 0.976683  2.95022
1.24266 0.976687  2.95023
1.24266 0.976691  2.95025
1.24265 0.976696  2.95026
1.24265 0.9767  2.95027
1.24264 0.976704  2.95028
1.24264 0.976709  2.9503
1.24263 0.976713  2.95031
1.24263 0.976717  2.95032
1.24262 0.976722  2.95034
1.24262 0.976726  2.95035
1.24261 0.97673  2.95036
1.24261 0.976735  2.95037
1.2426 0.976739  2.95039
1.2426 0.976743  2.9504
1.24259 0.976748  2.95041
1.24259 0.976752  2.95042
1.24258 0.976757  2.95044
1.24258 0.976761  2.95045
1.24257 0.976765  2.95046
1.24257 0.97677  2.95048
1.24256 0.976774  2.95049
1.24256 0.976778  2.9505
1.24255 0.976783  2.95051
1.24255 0.976787  2.95053
1.24254 0.976791  2.95054
1.24254 0.976796  2.95055
1.24253 0.9768  2.95057
1.24253 0.976804  2.95058
1.24252 0.976809  2.95059
1.24252 0.976813  2.9506
1.24251 0.976818  2.95062
1.24251 0.976822  2.95063
1.2425 0.976826  2.95064
1.2425 0.976831  2.95065
1.24249 0.976835  2.95067
1.24249 0.976839  2.95068
1.24248 0.976844  2.95069
1.24248 0.976848  2.95071
1.24247 0.976852  2.95072
1.24247 0.976857  2.95073
1.24246 0.976861  2.95074
1.24246 0.976865  2.95076
1.24245 0.97687  2.95077
1.24245 0.976874  2.95078
1.24244 0.976879  2.9508
1.24244 0.976883  2.95081
1.24243 0.976887  2.95082
1.24243 0.976892  2.95083
1.24242 0.976896  2.95085
1.24242 0.9769  2.95086
1.24241 0.976905  2.95087
1.24241 0.976909  2.95088
1.2424 0.976913  2.9509
1.2424 0.976918  2.95091
1.24239 0.976922  2.95092
1.24239 0.976926  2.95094
1.24238 0.976931  2.95095
1.24238 0.976935  2.95096
1.24237 0.97694  2.95097
1.24237 0.976944  2.95099
1.24236 0.976948  2.951
1.24236 0.976953  2.95101
1.24235 0.976957  2.95103
1.24235 0.976961  2.95104
1.24234 0.976966  2.95105
1.24234 0.97697  2.95106
1.24233 0.976974  2.95108
1.24233 0.976979  2.95109
1.24232 0.976983  2.9511
1.24232 0.976987  2.95111
1.24232 0.976992  2.95113
1.24231 0.976996  2.95114
1.24231 0.977001  2.95115
1.2423 0.977005  2.95117
1.2423 0.977009  2.95118
1.24229 0.977014  2.95119
1.24229 0.977018  2.9512
1.24228 0.977022  2.95122
1.24228 0.977027  2.95123
1.24227 0.977031  2.95124
1.24227 0.977035  2.95126
1.24226 0.97704  2.95127
1.24226 0.977044  2.95128
1.24225 0.977049  2.95129
1.24225 0.977053  2.95131
1.24224 0.977057  2.95132
1.24224 0.977062  2.95133
1.24223 0.977066  2.95134
1.24223 0.97707  2.95136
1.24222 0.977075  2.95137
1.24222 0.977079  2.95138
1.24222 0.977083  2.9514
1.24221 0.977088  2.95141
1.24221 0.977092  2.95142
1.2422 0.977096  2.95143
1.2422 0.977101  2.95145
1.24219 0.977105  2.95146
1.24219 0.97711  2.95147
1.24218 0.977114  2.95149
1.24218 0.977118  2.9515
1.24217 0.977123  2.95151
1.24217 0.977127  2.95152
1.24216 0.977131  2.95154
1.24216 0.977136  2.95155
1.24215 0.97714  2.95156
1.24215 0.977144  2.95157
1.24214 0.977149  2.95159
1.24214 0.977153  2.9516
1.24214 0.977158  2.95161
1.24213 0.977162  2.95163
1.24213 0.977166  2.95164
1.24212 0.977171  2.95165
1.24212 0.977175  2.95166
1.24211 0.977179  2.95168
1.24211 0.977184  2.95169
1.2421 0.977188  2.9517
1.2421 0.977192  2.95171
1.24209 0.977197  2.95173
1.24209 0.977201  2.95174
1.24208 0.977206  2.95175
1.24208 0.97721  2.95177
1.24208 0.977214  2.95178
1.24207 0.977219  2.95179
1.24207 0.977223  2.9518
1.24206 0.977227  2.95182
1.24206 0.977232  2.95183
1.24205 0.977236  2.95184
1.24205 0.97724  2.95186
1.24204 0.977245  2.95187
1.24204 0.977249  2.95188
1.24203 0.977254  2.95189
1.24203 0.977258  2.95191
1.24202 0.977262  2.95192
1.24202 0.977267  2.95193
1.24202 0.977271  2.95194
1.24201 0.977275  2.95196
1.24201 0.97728  2.95197
1.242 0.977284  2.95198
1.242 0.977288  2.952
1.24199 0.977293  2.95201
1.24199 0.977297  2.95202
1.24198 0.977302  2.95203
1.24198 0.977306  2.95205
1.24197 0.97731  2.95206
1.24197 0.977315  2.95207
1.24197 0.977319  2.95209
1.24196 0.977323  2.9521
1.24196 0.977328  2.95211
1.24195 0.977332  2.95212
1.24195 0.977336  2.95214
1.24194 0.977341  2.95215
1.24194 0.977345  2.95216
1.24193 0.97735  2.95217
1.24193 0.977354  2.95219
